# callgrind format
version: 1
creator: callgrind-3.23.0
pid: 976041
cmd:  ./bin/minimizer_demo
part: 1


desc: I1 cache: 
desc: D1 cache: 
desc: LL cache: 

desc: Timerange: Basic block 0 - 107527526132
desc: Trigger: Program termination

positions: line
events: Ir
summary: 450854364713


ob=(5) /usr/lib/libpcre2-8.so.0.13.0
fl=(5) ???
fn=(7760) 0x00000000000020b0
0 9
cob=(2) /usr/lib/libc.so.6
cfi=(2) ???
cfn=(7692) __cxa_finalize
calls=1 0 
0 78
0 1
cfn=(7768) 0x0000000000002040
calls=1 0 
0 5
0 3

fn=(7768)
0 5

fn=(3836) 0x0000000000002100
0 12

ob=(8) /usr/lib/libgcc_s.so.1
fl=(32) /usr/src/debug/gcc/gcc/libgcc/unwind-dw2.c
fn=(7310) uw_frame_state_for
992 5
fi=(33) /usr/include/bits/string_fortified.h
59 15
fe=(32)
992 30
fi=(33)
59 5
fe=(32)
992 10
fi=(33)
59 75
fe=(32)
999 5
+1 5
+2 15
199 10
1005 5
199 5
1005 10
cfi=(34) /usr/src/debug/gcc/gcc/libgcc/unwind-dw2-fde-dip.c
cfn=(7314) _Unwind_Find_FDE
calls=5 537 
* 1756
* 5
+2 10
+12 5
fi=(41) /usr/src/debug/gcc/gcc/libgcc/unwind-dw2-fde.h
157 5
fe=(32)
1019 5
fi=(41)
157 10
fe=(32)
420 5
+1 10
cob=(2)
cfi=(2)
cfn=(3860) 0x000000000016f2c0
calls=5 0 
* 70
+7 5
-7 5
+7 5
+10 15
992 20
fi=(36) /usr/src/debug/gcc/gcc/libgcc/unwind-pe.h
140 10
+1 15
+1 5
-1 5
+3 10
fe=(32)
447 5
fi=(36)
155 5
+4 20
+3 15
+1 15
+1 5
-1 5
+3 10
+3 20
+1 15
fe=(32)
449 5
fi=(36)
172 5
-39 5
+4 5
fe=(32)
450 10
+1 5
fi=(36)
137 5
fe=(32)
457 5
+5 15
+10 10
+3 35
+41 10
977 5
fi=(41)
163 10
fe=(32)
977 10
+1 10
+55 5
fi=(36)
74 10
+3 35
fe=(32)
1033 5
+2 5
+6 5
-6 5
fi=(36)
137 5
-4 15
+7 10
+1 15
+1 5
-1 5
+3 10
fe=(32)
1041 10
-2 10
fi=(41)
163 5
fe=(32)
979 15
-2 5
fi=(41)
163 5
fe=(32)
977 5
+1 10
+78 40
fi=(36)
133 10
+7 10
+1 15
+1 5
-1 5
+3 10
fe=(32)
467 5
+5 5
-7 5
+3 5
+4 20
-21 15
+33 5
-12 5
+12 10
-12 20
979 5
cfi=(37) /usr/src/debug/gcc/gcc/libgcc/unwind-dw2-execute_cfa.h
cfn=(7356) execute_cfa_program_specialized
calls=5 33 
* 1615
fi=(38) /usr/src/debug/gcc/gcc-build/x86_64-pc-linux-gnu/libgcc/./md-unwind-support.h
116 10
fe=(32)
979 20
cfi=(37)
cfn=(7356)
calls=5 33 
* 835
* 5

fn=(7376) init_dwarf_reg_size_table
1317 1
+1 17
+1 1

fn=(7390) uw_update_context_1
1142 40
+1 112
306 4
1143 12
306 12
1165 8
317 8
+1 4
1171 4
319 4
1171 8
+74 4
-53 4
+3 4
+1 4
+49 8
-49 432
334 16
1195 216
206 4
+2 8
-3 8
+1 4
1257 32
318 16
+1 16
1204 32
317 48
1174 4
232 8
+2 8
+2 16
-3 4
+15 8
+12 4
1175 4
+1 4
-46 3
+36 3
-36 3
+1 3
317 6
+1 3
+1 6
1138 3

fn=(7306) uw_init_context_1
1324 1
fi=(33)
59 2
fe=(32)
1324 3
+11 1
-11 2
+11 1
-11 4
fi=(33)
59 31
fe=(32)
1335 1
-4 2
+2 2
+2 1
cfn=(7310)
calls=1 992 
* 1313
+1 2
fi=(39) /usr/src/debug/gcc/gcc-build/x86_64-pc-linux-gnu/libgcc/./gthr-default.h
713 3
cob=(2)
cfi=(2)
cfn=(7364) pthread_once
calls=1 0 
* 96
fe=(32)
1341 2
1130 2
+1 1
317 2
+1 1
+1 1
1356 2
-4 1
319 1
1353 1
+1 1
+2 1
cfn=(7390)
calls=1 1142 
* 323
+5 1
+1 7

fn=(7424) _Unwind_GetCFA
267 4
+1 4
+1 4

fl=(30) ???
fn=(7222) 0x0000000000005410
0 12

fn=(7782) 0x00000000000053c0
0 9
cob=(2)
cfi=(2)
cfn=(7692)
calls=1 0 
0 78
0 1
cfn=(7790) 0x0000000000005350
calls=1 0 
0 5
0 3

fn=(7790)
0 5

fl=(34)
fn=(7314)
537 60
fi=(40) /usr/src/debug/gcc/gcc/libgcc/unwind-dw2-btree.h
855 15
fe=(34)
551 15
cob=(2)
cfi=(2)
cfn=(7316) _dl_find_object
calls=5 0 
* 414
* 25
396 10
+3 5
-7 5
+7 10
+7 15
+1 5
+11 15
+1 10
575 45
423 10
+7 5
-1 5
+1 5
+8 10
+2 15
+14 5
-6 5
+6 15
-1 5
+3 25
+5 10
+5 105
+1 16
-6 68
+2 78
+1 234
+1 36
+7 10
+3 10
fi=(41)
157 15
fi=(35) /usr/src/debug/gcc/gcc/libgcc/unwind-dw2-fde.c
402 5
cfn=(7348) get_cie_encoding
calls=5 -57 
* 290
fi=(36)
74 10
+3 40
fe=(34)
490 5
-4 10
+5 10
+6 10
+1 15
+2 10
+2 5
-2 5
+3 5

fl=(27) /usr/src/debug/gcc/gcc/libgcc/config/i386/cpuinfo.c
fn=(7216) __cpu_indicator_init@GCC_4.8.0
60 1
fi=(29) /usr/src/debug/gcc/gcc/libgcc/../gcc/common/config/i386/cpuinfo.h
1111 4
fe=(27)
60 1
fi=(28) /usr/src/debug/gcc/gcc-build/gcc/include/cpuid.h
310 1
fe=(27)
60 6
fi=(28)
310 1
+21 2
+3 4
fi=(29)
1124 2
fi=(28)
310 2
+21 2
+3 3
fi=(29)
1138 1
737 1
fi=(28)
334 1
fi=(29)
1138 1
fi=(28)
334 1
fi=(29)
1138 1
+1 4
+1 4
737 2
+24 2
92 1
763 2
92 1
765 2
92 1
767 2
92 1
+9 1
769 2
+2 2
+3 2
92 1
776 3
92 1
778 2
92 1
780 2
92 1
782 2
92 1
784 2
92 1
786 2
92 1
788 2
+2 2
+2 2
+2 2
92 1
796 2
+2 2
+2 2
+2 2
92 1
804 2
92 1
806 2
+5 2
+4 4
+1 2
92 1
818 2
+2 2
+2 2
+2 2
+2 2
92 1
828 2
+2 2
+3 2
92 1
835 2
+2 2
+2 2
+2 2
+2 2
+2 2
+2 2
+3 2
+2 2
+2 2
+2 2
+2 2
+2 2
+2 2
+2 2
+2 2
+4 2
+2 2
+2 2
+2 2
+2 2
+2 2
+9 2
+38 2
+56 2
+2 3
+1 2
+2 2
+2 2
+5 2
+50 3
+4 2
+2 2
+2 2
+2 2
+2 3
+2 2
+2 2
+2 2
+2 2
+2 2
+3 2
+2 2
+2 2
+3 2
+2 2
+2 2
+5 2
+2 2
+1 2
+2 2
75 1
1147 2
+16 1
75 1
1204 2
66 1
1205 2
-93 1
fe=(27)
62 1
+2 7
fi=(29)
743 2
+3 4
+7 5
+2 1
-1 1
-1 1
+1 2
1150 2
+6 3
350 4
1163 2
101 1
+2 1
-2 1
+2 1
-2 1
+2 1
-2 1
+2 1
-2 1
+2 1
-2 1
+2 1
-2 1
+2 1
735 2
101 1
1210 2
+1 2
+1 2
+1 2
101 4
1219 4
+1 2
+1 2
+1 2
+3 3
101 3
1233 3
350 2
750 2
-2 1
+2 4
101 1
+2 1
-2 1
+2 1
-2 1
+2 1
-2 1
+2 1
-2 1
+2 1
-2 1
+2 1
350 7
452 2
+2 1
fe=(27)

fl=(31) /usr/src/debug/gcc/gcc/libgcc/unwind.inc
fn=(7304) _Unwind_ForcedUnwind
207 6
+5 1
-5 1
+5 1
-5 4
+5 1
-5 3
+5 2
cfi=(32)
cfn=(7306)
calls=1 1324 
* 1812
+1 1
+3 1
+2 1
-3 1
+3 3
-5 29
+5 1
cfn=(7392) _Unwind_ForcedUnwind_Phase2
calls=1 -68 
* 5382

fn=(7392)
150 7
+13 1
-13 3
+2 1
-2 1
+1 1
+1 1
-2 1
fi=(32)
+83 3
fe=(31)
-76 3
+5 9
cfi=(32)
cfn=(7310)
calls=3 992 
* 2958
* 3
cfi=(32)
cfn=(7310)
calls=1 992 
* 1045
+1 8
+8 4
-2 8
+2 28
cob=(2)
cfi=(2)
cfn=(7414) 0x000000000009ce80
calls=4 0 
* 380
+2 6
+8 9
fi=(32)
1267 9
cfn=(7390)
calls=3 1142 
* 839
+8 9
232 6
+2 6
+2 12
+12 9
+12 3
fe=(31)
-66 3
fi=(32)
1291 3
fe=(31)
194 3

fl=(35)
fn=(7776) release_registered_frames
58 2
+3 1
-3 1
+3 1
cfi=(40)
cfn=(7778) btree_destroy
calls=1 356 
* 16
+1 2
cfi=(40)
cfn=(7778)
calls=1 356 
* 16
+1 1
+1 2

fn=(7348)
345 25
+6 5
+1 5
-7 5
+7 5
cob=(2)
cfi=(2)
cfn=(3860)
calls=5 0 
* 70
+1 5
-1 5
+1 10
+8 10
fi=(36)
140 5
+4 15
+18 10
+4 10
fe=(35)
366 10
+5 5
fi=(36)
137 5
+3 5
+4 10
fe=(35)
376 5
+8 5
-8 15
+1 5
+20 30
-30 10

fl=(37)
fn=(7356)
33 10
+12 20
fi=(32)
963 140
199 10
fe=(37)
45 10
fi=(32)
199 10
fe=(37)
45 30
fi=(32)
199 60
fe=(37)
45 60
fi=(32)
199 60
fe=(37)
45 180
+2 138
+4 276
+2 102
+12 60
+7 150
-20 54
+87 18
-94 36
+94 34
-94 102
fi=(32)
969 80
fe=(37)
55 21
fi=(36)
+82 21
fe=(37)
-82 21
fi=(36)
+78 63
+7 42
+1 63
+1 21
-1 21
+3 42
fe=(37)
-87 42
+2 42
+2 21
+1 42
+27 1
+1 1
-1 2
+2 1
-19 35
fi=(36)
+68 14
+1 21
+1 7
-1 7
+3 14
fe=(37)
+46 7
-1 7
+3 7
72 20
fi=(36)
+68 10
+1 15
+1 5
-1 5
+3 10
fe=(37)
+32 5
fi=(36)
-43 5
+4 20
+3 10
+1 15
+1 5
-1 5
+3 10
fe=(37)
+34 5
-1 5
+2 5
+1 5
72 12
fi=(36)
+68 8
+1 12
+1 4
-1 4
+3 8
fe=(37)
+40 4
-1 4
+2 4
+1 4

fl=(40)
fn=(7778)
356 2
+3 2
-3 8
+3 2
+1 4
+4 6
+6 8

ob=(1) /usr/lib/ld-linux-x86-64.so.2
fl=(1) ???
fn=(210) 0x0000000000010890
0 8
cfn=(212) __tunable_get_val
calls=1 0 
0 24
0 6

fn=(796) 0x000000000000ae00
0 72
cob=(2)
cfi=(2)
cfn=(6118) pthread_mutex_lock
calls=1 0 
0 44
cfn=(798) 0x00000000000121d0
calls=5 0 
0 15
0 213
cob=(2)
cfi=(2)
cfn=(6120) pthread_mutex_unlock
calls=1 0 
0 43
0 31

fn=(1008) 0x000000000001a180
0 17
cfn=(1010) 0x000000000001a520
calls=1 0 
0 49
0 10
cfn=(1040) 0x000000000001a740
calls=1 0 
0 26
0 24
cfn=(1040)
calls=2 0 
0 148
0 2
cfn=(1040)
calls=1 0 
0 156
0 12
cfn=(744) 0x000000000000a860
calls=1 0 
0 30
0 12
cfn=(1042) 0x000000000001a5e0
calls=1 0 
0 13
0 34
cfn=(1040)
calls=2 0 
0 148
0 2
cfn=(1040)
calls=1 0 
0 156
0 38
cfn=(1120) 0x0000000000024c00
calls=1 0 
0 19
0 33
cfn=(744)
calls=1 0 
0 30
0 14
cfn=(1144) 0x000000000001a0e0
calls=1 0 
0 53
0 5
cfn=(1144)
calls=1 0 
0 401
0 15

fn=(1318) 0x0000000000001650
0 112
cfn=(1320) _dl_catch_exception
calls=8 0 
0 131403
0 96

fn=(2116) 0x0000000000024320
0 22
cfn=(212)
calls=1 0 
0 24
0 10

fn=(2914) 0x0000000000008da0
0 153043
cfn=(2944) 0x0000000000008be0
calls=525 0 
0 69482
0 6888

fn=(3220) 0x000000000000d570
0 154
cfn=(3224) 0x00000000000242c0
calls=7 0 
0 42
0 14

fn=(3498) 0x0000000000022e70
0 224
cfn=(3486) 0x0000000000022e00
calls=5 0 
0 305
0 20

fn=(4180) 0x000000000000fff0
0 2739
cfn=(2894) 0x0000000000009970
calls=16 0 
0 9425
0 290
cfn=(2894)
calls=29 0 
0 16693
0 1732
cob=(2)
cfi=(2)
cfn=(3190) strncpy
calls=1 0 
0 19
cob=(2)
cfi=(2)
cfn=(3136) memcpy
calls=1 0 
0 22
cob=(2)
cfi=(2)
cfn=(3188) strlen
calls=1 0 
0 25
0 6

fn=(238) 0x0000000000015670
0 74

fn=(470) 0x0000000000015810
0 238

fn=(682) 0x0000000000019fc0
0 677

fn=(1010)
0 49

fn=(1042)
0 303
cfn=(1062) 0x0000000000025870
calls=9 0 
0 216
0 126
cfn=(654) 0x00000000000270e0
calls=3 0 
0 51
0 6

fn=(1062)
0 744

fn=(1244) 0x0000000000011500
0 6

fn=(2000) 0x0000000000013af0
0 782
cfn=(2008) 0x0000000000013a00
calls=42 0 
0 3786
0 272
cfn=(2008)
calls=7 0 
0 1073
0 219

fn=(1266) 0x000000000001e2b0
0 32
cfn=(1316) 0x000000000001d420
calls=1 0 
0 2743
0 6
cfn=(1272) 0x0000000000026f00
calls=1 0 
0 241
0 8
cfn=(758) 0x0000000000024ee0
calls=1 0 
0 19
0 11

fn=(1760) 0x0000000000023f30
0 42

fn=(3258) 0x0000000000011f10
0 79

fn=(3698) 0x0000000000017cd0
0 45

fn=(3732) 0x0000000000015070
0 4

fn=(118) 0x000000000001a7c0
0 10

fn=(132) 0x000000000001c700
0 9
cfn=(134) 0x000000000001b880
calls=1 0 
0 609
0 2
cfn=(154) 0x0000000000012940
calls=1 0 
0 32058
0 1
cfn=(210)
calls=1 0 
0 38
0 2
cfn=(218) 0x00000000000220c0
calls=1 0 
0 8
0 1
cfn=(226) 0x0000000000017c10
calls=1 0 
0 7459
0 4
cfn=(654)
calls=1 0 
0 17
0 3
cfn=(662) 0x00000000000229e0
calls=1 0 
0 16
0 11
cfn=(674) 0x000000000001e3e0
calls=1 0 
0 365913
0 4

fn=(758)
0 340

fn=(908) 0x0000000000025aa0
0 44603

fn=(1422) 0x0000000000024050
0 140

fn=(1902) 0x0000000000002880
0 162
cfn=(1326) 0x0000000000007d90
calls=9 0 
0 18860
0 36

fn=(2444) 0x000000000001d6c0
0 10
cfn=(2446) 0x0000000000013970
calls=1 0 
0 12403
0 5

fn=(6926) _dl_find_dso_for_object
0 52

fn=(7020) 0x0000000000015060
0 36

fn=(7678) 0x0000000000001090
0 148
cob=(8)
cfi=(35)
cfn=(7776)
calls=1 58 
0 42
cob=(5)
cfi=(5)
cfn=(7760)
calls=1 0 
0 96
cob=(6) /usr/lib/libglib-2.0.so.0.8000.4
cfi=(6) ???
cfn=(7744) 0x000000000001e230
calls=1 0 
0 96
cob=(4) /usr/lib/valgrind/vgpreload_core-amd64-linux.so
cfi=(4) ???
cfn=(7728) 0x0000000000001090
calls=1 0 
0 96
cob=(7) /home/omarm/Desktop/UNIMIB/Stage/Stage/Codes/C/Minimizer-Demo/c/bin/minimizer_demo
cfi=(13) ???
cfn=(7686) 0x0000000000002b70
calls=1 0 
0 96
0 1
cob=(8)
cfi=(30)
cfn=(7782)
calls=1 0 
0 96
0 85
cob=(3) ???
cfi=(3) ???
cfn=(7796) 0x000000001124c168
calls=1 0 
0 4
cob=(3)
cfi=(3)
cfn=(7774) 0x0000000004c324bc
calls=1 0 
0 4
cob=(3)
cfi=(3)
cfn=(7758) 0x0000000004941a44
calls=1 0 
0 4
cob=(3)
cfi=(3)
cfn=(7742) 0x0000000004839274
calls=1 0 
0 4
cob=(3)
cfi=(3)
cfn=(7716) 0x000000000010d388
calls=1 0 
0 4
0 12

fn=(218)
0 8

fn=(662)
0 16

fn=(1144)
0 50
cfn=(1156) 0x0000000000024ed0
calls=2 0 
0 26
0 22
cfn=(1040)
calls=2 0 
0 148
0 4
cfn=(1040)
calls=2 0 
0 182
0 22

fn=(1436) 0x00000000000240f0
0 30

fn=(1816) 0x0000000000017dc0
0 25

fn=(2680) 0x0000000000011570
0 81

fn=(2726) 0x0000000000011ec0
0 23

fn=(3708) 0x0000000000014590
0 18
cfn=(3712) 0x00000000000242f0
calls=2 0 
0 12
0 8

fn=(1080) 0x000000000001a680
0 30

fn=(1472) 0x0000000000006570
0 155
cfn=(728) 0x000000000000aeb0
calls=5 0 
0 58759
0 2294
cfn=(1598) 0x0000000000024210
calls=5 0 
0 140
0 305
cfn=(1178) 0x00000000000250d0
calls=5 0 
0 714
0 325
cfn=(1598)
calls=15 0 
0 315
0 45
cfn=(1476) 0x0000000000023e00
calls=5 0 
0 30
0 294
cfn=(2186) 0x00000000000240c0
calls=1 0 
0 7
0 1929
cfn=(864) 0x0000000000006370
calls=5 0 
0 425
0 646
cfn=(1760)
calls=5 0 
0 30
0 60
cfn=(122) 0x00000000000106d0
calls=5 0 
0 135
0 123
cfn=(2238) 0x00000000000113d0
calls=2 0 
0 22
0 15
cfn=(796)
calls=5 0 
0 376
0 20
cfn=(1802) 0x00000000000026c0
calls=5 0 
0 35
0 24
cfn=(1252) _dl_debug_state
calls=1 0 
0 2
0 51
cfn=(1816)
calls=5 0 
0 25
0 21
cfn=(1598)
calls=2 0 
0 42
0 33
cfn=(908)
calls=2 0 
0 93
0 60
cfn=(3698)
calls=1 0 
0 9
0 3

fn=(2262) 0x0000000000024150
0 100

fn=(6914) 0x000000000000b460
0 14
cob=(2)
cfi=(2)
cfn=(6118)
calls=1 0 
0 44
0 4
cfn=(1321) _dl_catch_exception'2
calls=1 0 
0 124070
0 3
cob=(2)
cfi=(2)
cfn=(6120)
calls=1 0 
0 43
0 22
cfn=(1321)
calls=1 0 
0 603
0 4

fn=(7210) 0x000000000000b560
0 33
cfn=(3742) 0x00000000000044e0
calls=1 0 
0 27
0 14
cfn=(3742)
calls=2 0 
0 483
0 20

fn=(7632) 0x0000000000004200
0 27
cob=(2)
cfi=(2)
cfn=(6118)
calls=1 0 
0 44
0 13
cfn=(3698)
calls=1 0 
0 9
0 120
cfn=(2348) 0x00000000000108c0
calls=1 0 
0 536
0 2
cob=(2)
cfi=(2)
cfn=(6120)
calls=1 0 
0 43
0 83
cfn=(7678)
calls=7 0 
0 788
0 14
cfn=(7720) 0x0000000000017e80
calls=7 0 
0 35
0 24
cfn=(3698)
calls=1 0 
0 9
0 21

fn=(864)
0 480

fn=(1870) 0x00000000000028d0
0 258
cfn=(744)
calls=4 0 
0 120
0 52
cfn=(758)
calls=4 0 
0 44
0 24
cfn=(758)
calls=4 0 
0 44
0 611
cfn=(1388) 0x0000000000005720
calls=9 0 
0 519
0 72
cfn=(1321)
calls=3 0 
0 2460
cfn=(1320)
calls=6 0 
0 17201
0 1364
cob=(2)
cfi=(2)
cfn=(3894) malloc
calls=1 0 
0 45
cfn=(744)
calls=1 0 
0 30
0 184
cfn=(2348)
calls=2 0 
0 634
0 112
cfn=(2262)
calls=4 0 
0 100
0 28
cfn=(758)
calls=2 0 
0 30
0 14

fn=(1918) 0x0000000000005f70
0 144

fn=(3604) 0x000000000000a5d0
0 93
cfn=(908)
calls=3 0 
0 201
0 39
cfn=(908)
calls=3 0 
0 198
0 36

fn=(3642) 0x0000000000017be0
0 6

fn=(3742)
0 286
cob=(3)
cfi=(3)
cfn=(7212) 0x0000000011229000
calls=1 0 
0 7
cob=(3)
cfi=(3)
cfn=(3842) 0x000000000489e000
calls=1 0 
0 7
cob=(3)
cfi=(3)
cfn=(3832) 0x0000000004bc1000
calls=1 0 
0 7
cob=(3)
cfi=(3)
cfn=(3756) 0x0000000004839000
calls=1 0 
0 7
0 93
cob=(8)
cfi=(30)
cfn=(7222)
calls=1 0 
0 12
cob=(6)
cfi=(7) /usr/src/debug/glib2/build/../glib/glib/glib-init.c
cfn=(3852) glib_init_ctor
calls=1 517 
0 5125
cob=(2)
cfi=(2)
cfn=(3824) 0x0000000000025c20
calls=1 0 
0 22
cob=(2)
cfi=(2)
cfn=(3816) 0x0000000000025bb0
calls=1 0 
0 12
0 20
cob=(8)
cfi=(27)
cfn=(7216)
calls=1 60 
0 364
cob=(6)
cfi=(6)
cfn=(3846) 0x000000000001e280
calls=1 0 
0 12
cob=(5)
cfi=(5)
cfn=(3836)
calls=1 0 
0 12
cob=(2)
cfi=(2)
cfn=(3790) 0x0000000000025b40
calls=1 0 
0 72
cob=(4)
cfi=(4)
cfn=(3768) 0x00000000000010e0
calls=1 0 
0 12
0 109

fn=(212)
0 863

fn=(674)
0 22
cfn=(676) 0x00000000000121e0
calls=1 0 
0 17
0 13
cfn=(682)
calls=1 0 
0 671
0 2
cfn=(682)
calls=1 0 
0 6
0 84
cfn=(728)
calls=1 0 
0 296
0 12
cfn=(796)
calls=1 0 
0 42
0 289
cfn=(864)
calls=1 0 
0 55
0 134
cfn=(908)
calls=1 0 
0 25
0 306
cfn=(122)
calls=1 0 
0 27
0 10
cfn=(1006) 0x0000000000005fe0
calls=1 0 
0 1601
0 3
cfn=(1198) 0x0000000000002710
calls=1 0 
0 34
0 48
cfn=(1244)
calls=1 0 
0 6
0 7
cfn=(1252)
calls=1 0 
0 2
0 4
cfn=(1256) 0x0000000000017c40
calls=1 0 
0 22
0 12
cfn=(1846) 0x0000000000023dd0
calls=1 0 
0 9
0 21
cfn=(1870)
calls=1 0 
0 20110
0 125
cfn=(2440) 0x00000000000013e0
calls=1 0 
0 12440
0 122
cfn=(2784) 0x00000000000150f0
calls=1 0 
0 38
0 14
cfn=(2798) 0x000000000000d6c0
calls=1 0 
0 74915
0 123
cfn=(2798)
calls=5 0 
0 244824
0 18
cfn=(3258)
calls=1 0 
0 28
0 19
cfn=(3472) _dl_allocate_tls_init
calls=1 0 
0 146
0 10
cfn=(3650) 0x0000000000001000
calls=1 0 
0 600
0 1
cfn=(3694) 0x000000000001c7c0
calls=1 0 
0 2
0 3
cfn=(3698)
calls=1 0 
0 9
0 2
cfn=(1802)
calls=1 0 
0 7
0 3
cfn=(1252)
calls=1 0 
0 2
0 2
cfn=(3708)
calls=1 0 
0 19
0 90
cfn=(3482) 0x0000000000023430
calls=1 0 
0 875
0 2
cfn=(3558) 0x000000000001aad0
calls=1 0 
0 2694
0 1
cfn=(3590) 0x000000000001ad60
calls=1 0 
0 551
0 10
cfn=(2798)
calls=1 0 
0 317
0 8
cfn=(2650) 0x000000000001d970
calls=1 0 
0 885
0 23
cfn=(1266)
calls=1 0 
0 3060
0 35

fn=(1316)
0 19
cfn=(1318)
calls=1 0 
0 2712
0 12

fn=(7318) 0x0000000000023020
0 399

fn=(7720)
0 35

fn=(2) 0x000000000001db00
0 573
cfn=(118)
calls=1 0 
0 10
0 9
cfn=(122)
calls=1 0 
0 27
0 7
cfn=(132)
calls=1 0 
0 406155
0 15

fn=(226)
0 27
cfn=(238)
calls=1 0 
0 74
0 14
cfn=(266) 0x0000000000016090
calls=1 0 
0 211
0 95
cfn=(212)
calls=1 0 
0 23
0 7
cfn=(212)
calls=1 0 
0 23
0 7
cfn=(212)
calls=1 0 
0 23
0 12
cfn=(212)
calls=1 0 
0 23
0 13
cfn=(212)
calls=1 0 
0 23
0 8
cfn=(212)
calls=1 0 
0 23
0 17
cfn=(582) 0x0000000000012920
calls=1 0 
0 45
0 10
cfn=(582)
calls=1 0 
0 45
0 11
cfn=(582)
calls=1 0 
0 45
0 10
cfn=(582)
calls=1 0 
0 45
0 12
cfn=(582)
calls=1 0 
0 45
0 10
cfn=(582)
calls=1 0 
0 45
0 15
cfn=(212)
calls=1 0 
0 22
0 4
cfn=(212)
calls=1 0 
0 24
0 11
cfn=(212)
calls=1 0 
0 22
0 4
cfn=(212)
calls=1 0 
0 22
0 16
cfn=(212)
calls=1 0 
0 24
0 47
cfn=(360) 0x0000000000015fa0
calls=1 0 
0 466
0 3
cfn=(360)
calls=1 0 
0 533
0 5
cfn=(360)
calls=1 0 
0 483
0 3
cfn=(360)
calls=1 0 
0 475
0 5
cfn=(360)
calls=1 0 
0 457
0 3
cfn=(360)
calls=1 0 
0 458
0 3
cfn=(360)
calls=1 0 
0 508
0 3
cfn=(360)
calls=1 0 
0 499
0 3
cfn=(360)
calls=1 0 
0 500
0 3
cfn=(360)
calls=1 0 
0 524
0 3
cfn=(360)
calls=1 0 
0 525
0 3
cfn=(360)
calls=1 0 
0 526
0 7
cfn=(470)
calls=1 0 
0 238
0 66

fn=(740) 0x000000000000a9b0
0 369
cfn=(1598)
calls=1 0 
0 26
0 7
cfn=(2116)
calls=1 0 
0 51
0 146

fn=(1198)
0 52

fn=(1252)
0 8

fn=(2008)
0 4859

fn=(2650)
0 14
cfn=(740)
calls=1 0 
0 41
0 52
cfn=(2670) 0x0000000000011330
calls=1 0 
0 86
0 1
cfn=(2680)
calls=1 0 
0 81
0 1
cfn=(2700) 0x0000000000011760
calls=1 0 
0 484
0 4
cfn=(2726)
calls=1 0 
0 23
0 11
cfn=(2742) 0x0000000000012240
calls=1 0 
0 81
0 6

fn=(2670)
0 13
cfn=(212)
calls=1 0 
0 23
0 5
cfn=(212)
calls=1 0 
0 23
0 22

fn=(2712) 0x0000000000010fe0
0 20
cob=(2)
cfi=(2)
cfn=(4090) calloc
calls=1 0 
0 268
cfn=(740)
calls=1 0 
0 41
0 20

fn=(2798)
0 43059
cfn=(2894)
calls=60 0 
0 37757
0 2380
cfn=(2894)
calls=340 0 
0 211182
0 18090
cfn=(3642)
calls=1 0 
0 6
cob=(2)
cfi=(2)
cfn=(3196) strspn
calls=1 0 
0 7
cob=(2)
cfi=(2)
cfn=(3194) memchr
calls=1 0 
0 23
cob=(2)
cfi=(2)
cfn=(3192) memmove
calls=1 0 
0 22
cob=(2)
cfi=(2)
cfn=(3190)
calls=1 0 
0 19
cob=(2)
cfi=(2)
cfn=(3188)
calls=1 0 
0 25
cob=(2)
cfi=(2)
cfn=(3186) strcasecmp_l
calls=1 0 
0 21
cob=(2)
cfi=(2)
cfn=(3184) strcpy
calls=1 0 
0 17
cob=(2)
cfi=(2)
cfn=(3182) bcmp
calls=1 0 
0 24
cob=(2)
cfi=(2)
cfn=(3180) strchrnul
calls=1 0 
0 25
cob=(2)
cfi=(2)
cfn=(3178) strncasecmp_l
calls=1 0 
0 21
cob=(2)
cfi=(2)
cfn=(3176) wcscpy
calls=1 0 
0 16
cob=(2)
cfi=(2)
cfn=(3174) strcspn
calls=1 0 
0 7
cob=(2)
cfi=(2)
cfn=(3172) strcasecmp
calls=1 0 
0 21
cob=(2)
cfi=(2)
cfn=(3170) strncmp
calls=1 0 
0 21
cob=(2)
cfi=(2)
cfn=(3168) wmemchr
calls=2 0 
0 46
cob=(2)
cfi=(2)
cfn=(3166) stpncpy
calls=1 0 
0 19
cob=(2)
cfi=(2)
cfn=(3164) wcscmp
calls=1 0 
0 25
cob=(2)
cfi=(2)
cfn=(3162) rindex
calls=1 0 
0 25
cob=(2)
cfi=(2)
cfn=(3160) index
calls=1 0 
0 19
cob=(2)
cfi=(2)
cfn=(3158) wcschr
calls=2 0 
0 50
cob=(2)
cfi=(2)
cfn=(3156) memrchr
calls=1 0 
0 25
cob=(2)
cfi=(2)
cfn=(3154) strcmp
calls=1 0 
0 19
cob=(2)
cfi=(2)
cfn=(3152) strpbrk
calls=1 0 
0 7
cob=(2)
cfi=(2)
cfn=(3150) strnlen
calls=2 0 
0 50
cob=(2)
cfi=(2)
cfn=(3148) wcsnlen
calls=1 0 
0 19
cob=(2)
cfi=(2)
cfn=(3146) memset
calls=1 0 
0 24
cob=(2)
cfi=(2)
cfn=(3144) wcslen
calls=1 0 
0 19
cob=(2)
cfi=(2)
cfn=(3142) __mempcpy_chk
calls=1 0 
0 22
cob=(2)
cfi=(2)
cfn=(3140) __memcpy_chk
calls=1 0 
0 22
cob=(2)
cfi=(2)
cfn=(3138) wcsncpy
calls=1 0 
0 18
cob=(2)
cfi=(2)
cfn=(3136)
calls=1 0 
0 22
cob=(2)
cfi=(2)
cfn=(3134) __memset_chk
calls=1 0 
0 24
cob=(2)
cfi=(2)
cfn=(3132) strcat
calls=1 0 
0 17
cob=(2)
cfi=(2)
cfn=(3130) wmemset
calls=2 0 
0 20
cob=(2)
cfi=(2)
cfn=(3128) wcscat
calls=1 0 
0 18
cob=(2)
cfi=(2)
cfn=(3126) wmemcmp
calls=1 0 
0 24
cob=(2)
cfi=(2)
cfn=(3124) __memmove_chk
calls=1 0 
0 22
cob=(2)
cfi=(2)
cfn=(3122) stpcpy
calls=1 0 
0 17
cob=(2)
cfi=(2)
cfn=(3120) wcpncpy
calls=1 0 
0 18
cob=(2)
cfi=(2)
cfn=(3118) mempcpy
calls=1 0 
0 22
cob=(2)
cfi=(2)
cfn=(3116) strncasecmp
calls=1 0 
0 21
cob=(2)
cfi=(2)
cfn=(3106) 0x00000000000be250
calls=1 0 
0 30
0 251
cfn=(758)
calls=3 0 
0 33
0 1291
cob=(2)
cfi=(2)
cfn=(3362) strstr
calls=1 0 
0 7
cob=(2)
cfi=(2)
cfn=(3134)
calls=1 0 
0 24
cob=(2)
cfi=(2)
cfn=(3132)
calls=1 0 
0 17
cob=(2)
cfi=(2)
cfn=(3152)
calls=1 0 
0 7
cob=(2)
cfi=(2)
cfn=(3116)
calls=1 0 
0 21
cob=(2)
cfi=(2)
cfn=(3154)
calls=1 0 
0 19
cob=(2)
cfi=(2)
cfn=(3174)
calls=1 0 
0 7
cob=(2)
cfi=(2)
cfn=(3196)
calls=1 0 
0 7
cob=(2)
cfi=(2)
cfn=(3150)
calls=1 0 
0 25
cob=(2)
cfi=(2)
cfn=(3352) gettimeofday
calls=1 0 
0 7
cob=(2)
cfi=(2)
cfn=(3162)
calls=1 0 
0 25
cob=(2)
cfi=(2)
cfn=(3122)
calls=1 0 
0 17
cob=(2)
cfi=(2)
cfn=(3184)
calls=1 0 
0 17
cob=(2)
cfi=(2)
cfn=(3170)
calls=1 0 
0 21
cob=(2)
cfi=(2)
cfn=(3190)
calls=1 0 
0 19
cob=(2)
cfi=(2)
cfn=(3172)
calls=1 0 
0 21
cob=(2)
cfi=(2)
cfn=(3192)
calls=2 0 
0 44
cob=(2)
cfi=(2)
cfn=(3136)
calls=2 0 
0 44
cob=(2)
cfi=(2)
cfn=(3140)
calls=2 0 
0 44
cob=(2)
cfi=(2)
cfn=(3124)
calls=2 0 
0 44
cob=(2)
cfi=(2)
cfn=(3182)
calls=2 0 
0 48
cob=(2)
cfi=(2)
cfn=(3194)
calls=2 0 
0 46
cob=(2)
cfi=(2)
cfn=(3146)
calls=2 0 
0 48
cob=(2)
cfi=(2)
cfn=(3160)
calls=2 0 
0 38
cob=(2)
cfi=(2)
cfn=(3188)
calls=2 0 
0 50
0 182
cfn=(3220)
calls=6 0 
0 180
0 428
cfn=(2894)
calls=6 0 
0 3377
0 240

fn=(3534) 0x0000000000023380
0 188

fn=(3592) 0x000000000000a6b0
0 136
cfn=(3604)
calls=3 0 
0 567
0 42

fn=(3694)
0 2

fn=(360)
0 408
cfn=(366) 0x0000000000015d00
calls=12 0 
0 4092
0 84
cfn=(366)
calls=12 0 
0 1346
0 24

fn=(798)
0 21

fn=(1156)
0 125

fn=(2366) 0x00000000000107c0
0 505
cfn=(2367) 0x00000000000107c0'2
calls=2 0 
0 118
0 19

fn=(2367)
0 110
cfn=(2367)
calls=1 0 
0 28
0 8

fn=(2446)
0 50
cfn=(2454) 0x0000000000013000
calls=6 0 
0 12322
0 31

fn=(6904) 0x000000000000b850
0 20
cob=(2)
cfi=(2)
cfn=(6118)
calls=1 0 
0 44
0 21
cfn=(1321)
calls=1 0 
0 124874
0 2
cfn=(3708)
calls=1 0 
0 19
0 11
cfn=(1802)
calls=1 0 
0 7
0 5
cob=(2)
cfi=(2)
cfn=(6120)
calls=1 0 
0 43
0 9

fn=(0) 0x000000000001cdc0
0 2
cfn=(2)
calls=1 0 
0 406796
0 8
cfn=(3732)
calls=1 0 
0 4
0 10
cfn=(3738) 0x0000000000004630
calls=1 0 
0 5762
0 3
cob=(7)
cfi=(13)
cfn=(4108) (below main)
calls=1 0 
0 33660847555

fn=(266)
0 211

fn=(1040)
0 88
cfn=(1042)
calls=11 0 
0 500
0 6
cfn=(1042)
calls=3 0 
0 189
0 106
cfn=(1080)
calls=6 0 
0 30
0 45

fn=(1336) 0x000000000000ab70
0 684
cfn=(908)
calls=76 0 
0 2236
0 872
cfn=(908)
calls=88 0 
0 2721
0 556

fn=(1418) 0x0000000000004a30
0 95
cfn=(1422)
calls=5 0 
0 100
0 70
cfn=(1436)
calls=5 0 
0 30
0 262
cfn=(2186)
calls=1 0 
0 7
0 7

fn=(1476)
0 42

fn=(2614) 0x0000000000027280
0 32

fn=(3224)
0 42

fn=(3482)
0 9
cfn=(3498)
calls=1 0 
0 112
0 4
cfn=(744)
calls=1 0 
0 30
0 8
cfn=(3498)
calls=1 0 
0 437
0 9
cfn=(3486)
calls=1 0 
0 68
0 3
cfn=(3534)
calls=1 0 
0 188
0 7

fn=(3650)
0 14
cfn=(3592)
calls=1 0 
0 241
0 11
cob=(2)
cfi=(2)
cfn=(3660) __libc_early_init
calls=1 0 
0 334

fn=(744)
0 580
cfn=(1598)
calls=1 0 
0 26
0 7
cfn=(2116)
calls=1 0 
0 5
0 7

fn=(1178)
0 778

fn=(1256)
0 22

fn=(6918) 0x000000000000bcd0
0 15
cfn=(1062)
calls=1 0 
0 24
0 5
cfn=(6926)
calls=1 0 
0 52
0 19
cfn=(1198)
calls=1 0 
0 18
0 8
cfn=(1326)
calls=1 0 
0 61913
0 23
cfn=(1870)
calls=1 0 
0 3836
0 28
cfn=(2454)
calls=1 0 
0 3974
0 5
cfn=(3698)
calls=1 0 
0 9
0 2
cfn=(1802)
calls=1 0 
0 7
0 4
cfn=(1252)
calls=1 0 
0 2
0 40
cfn=(7020)
calls=1 0 
0 36
0 80
cfn=(7048) 0x000000000000b580
calls=1 0 
0 53044
0 40
cfn=(7108) 0x00000000000235e0
calls=1 0 
0 583
0 50
cfn=(3258)
calls=1 0 
0 23
0 124
cfn=(3258)
calls=1 0 
0 28
0 11

fn=(122)
0 189

fn=(1388)
0 120
cfn=(1062)
calls=10 0 
0 360
0 110

fn=(2700)
0 12
cfn=(744)
calls=1 0 
0 85
0 317
cfn=(2712)
calls=1 0 
0 61
0 9

fn=(2784)
0 38

fn=(3712)
0 12

fn=(3738)
0 33
cfn=(3742)
calls=1 0 
0 41
0 35
cfn=(3742)
calls=5 0 
0 5544
0 22
cfn=(3742)
calls=1 0 
0 84
0 3

fn=(4154) _dl_audit_preinit
0 5

fn=(154)
0 32058

fn=(654)
0 765

fn=(728)
0 117
cfn=(654)
calls=5 0 
0 121
0 45
cob=(2)
cfi=(2)
cfn=(4090)
calls=1 0 
0 56868
cfn=(740)
calls=4 0 
0 265
0 3
cfn=(740)
calls=1 0 
0 47
0 84
cfn=(758)
calls=6 0 
0 77
0 406
cfn=(654)
calls=5 0 
0 175
0 55
cfn=(1156)
calls=5 0 
0 73
0 514
cob=(2)
cfi=(2)
cfn=(3894)
calls=1 0 
0 45
cfn=(744)
calls=4 0 
0 120
0 40

fn=(1272)
0 241

fn=(1846)
0 9

fn=(1954) 0x00000000000141f0
0 82
cfn=(2000)
calls=4 0 
0 6132
0 28
cfn=(654)
calls=4 0 
0 140
0 72
cfn=(758)
calls=4 0 
0 44
0 8
cfn=(1402) 0x0000000000027080
calls=4 0 
0 395
0 22
cfn=(1960) 0x000000000000aac0
calls=2 0 
0 206
0 70

fn=(2186)
0 14

fn=(2238)
0 22

fn=(2348)
0 386
cfn=(2366)
calls=13 0 
0 642
0 90
cfn=(758)
calls=3 0 
0 49
0 3

fn=(7048)
0 4410
cfn=(2894)
calls=3 0 
0 2213
0 420
cfn=(2894)
calls=60 0 
0 43254
0 2565
cob=(2)
cfi=(2)
cfn=(3134)
calls=1 0 
0 24
cob=(2)
cfi=(2)
cfn=(3192)
calls=1 0 
0 22
cob=(2)
cfi=(2)
cfn=(3136)
calls=1 0 
0 22
cob=(2)
cfi=(2)
cfn=(3146)
calls=1 0 
0 24
cob=(2)
cfi=(2)
cfn=(3188)
calls=1 0 
0 25
0 27
cfn=(3220)
calls=1 0 
0 30
0 8

fn=(7108)
0 29
cob=(2)
cfi=(2)
cfn=(3894)
calls=1 0 
0 42
0 38
cob=(2)
cfi=(2)
cfn=(3894)
calls=1 0 
0 231
0 49
cfn=(3486)
calls=1 0 
0 63
0 23
cob=(2)
cfi=(2)
cfn=(4600) free
calls=1 0 
0 93
0 15

fn=(134)
0 609

fn=(1324) 0x000000000001cf00
0 15
cfn=(1326)
calls=1 0 
0 2600
0 4

fn=(3472)
0 34
cob=(2)
cfi=(2)
cfn=(6118)
calls=1 0 
0 44
cfn=(798)
calls=1 0 
0 3
0 116
cfn=(1156)
calls=2 0 
0 26
0 10
cfn=(1178)
calls=2 0 
0 50
0 22
cob=(2)
cfi=(2)
cfn=(6120)
calls=1 0 
0 43
cfn=(798)
calls=1 0 
0 3
0 22

fn=(3590)
0 15
cfn=(3592)
calls=1 0 
0 257
0 17
cfn=(3592)
calls=1 0 
0 247
0 15

fn=(4178) 0x0000000000012590
0 1170
cfn=(4180)
calls=45 0 
0 30951
0 675

fn=(582)
0 270

fn=(1006)
0 14
cfn=(1008)
calls=1 0 
0 1447
0 3
cfn=(744)
calls=1 0 
0 30
0 12
cfn=(744)
calls=1 0 
0 30
0 21
cfn=(1178)
calls=1 0 
0 14
0 30

fn=(1320)
0 287
cfn=(1322) 0x0000000000024510
calls=7 0 
0 168
0 21
cfn=(1322)
calls=7 0 
0 168
0 84
cob=(2)
cfi=(2)
cfn=(7270) 0x00000000001689f0
calls=6 0 
0 3171
cob=(2)
cfi=(2)
cfn=(6902) 0x0000000000168990
calls=1 0 
0 125077
cfn=(1902)
calls=6 0 
0 16799
cfn=(1324)
calls=1 0 
0 2619
0 210

fn=(1321)
0 131
cfn=(1322)
calls=5 0 
0 120
0 30
cfn=(1902)
calls=3 0 
0 2259
cfn=(6918)
calls=1 0 
0 124003
cfn=(6914)
calls=1 0 
0 124807
0 76
cfn=(7210)
calls=1 0 
0 577
0 4

fn=(1326)
0 903
cfn=(1336)
calls=48 0 
0 4554
0 548
cfn=(908)
calls=22 0 
0 660
0 208
cfn=(1062)
calls=5 0 
0 144
0 15
cfn=(1386) 0x0000000000005980
calls=1 0 
0 197
0 13
cfn=(1418)
calls=1 0 
0 108
0 24
cfn=(1472)
calls=1 0 
0 1874
0 60
cfn=(1472)
calls=4 0 
0 65688
0 23
cfn=(654)
calls=4 0 
0 86
0 88
cfn=(1918)
calls=4 0 
0 48
0 36
cfn=(1954)
calls=4 0 
0 7199
0 64
cfn=(1418)
calls=4 0 
0 463
0 60
cfn=(1918)
calls=4 0 
0 32
0 146
cfn=(1918)
calls=6 0 
0 64
0 68

fn=(1598)
0 601

fn=(1802)
0 56

fn=(2440)
0 14
cfn=(2444)
calls=1 0 
0 12418
0 8

fn=(2454)
0 445
cfn=(1336)
calls=28 0 
0 2515
0 7373
cfn=(908)
calls=42 0 
0 1808
0 261
cfn=(908)
calls=3 0 
0 203
0 647
cob=(2)
cfi=(2)
cfn=(4090)
calls=1 0 
0 286
cfn=(740)
calls=5 0 
0 205
0 2519
cfn=(2614)
calls=1 0 
0 32
0 2

fn=(366)
0 5438

fn=(676)
0 17

fn=(1120)
0 19

fn=(1402)
0 72
cfn=(654)
calls=4 0 
0 140
0 12
cob=(2)
cfi=(2)
cfn=(3894)
calls=1 0 
0 45
cfn=(744)
calls=3 0 
0 90
0 36

fn=(1960)
0 28
cfn=(1422)
calls=2 0 
0 40
0 28
cfn=(1476)
calls=2 0 
0 12
0 16
cfn=(1760)
calls=2 0 
0 12
0 14
cfn=(1598)
calls=2 0 
0 52
0 4

fn=(2742)
0 34
cfn=(212)
calls=1 0 
0 24
0 23

fn=(2894)
0 74031
cfn=(2914)
calls=563 0 
0 229413
0 25891

fn=(2944)
0 17382
cfn=(908)
calls=408 0 
0 20653
0 14798
cfn=(908)
calls=422 0 
0 15805
0 844

fn=(3486)
0 436

fn=(3558)
0 90
cfn=(3564) 0x000000000001aa00
calls=1 0 
0 619
0 5
cfn=(3564)
calls=1 0 
0 656
0 5
cfn=(3564)
calls=1 0 
0 674
0 5
cfn=(3564)
calls=1 0 
0 628
0 12

fn=(3564)
0 68
cfn=(2894)
calls=4 0 
0 2401
0 108

fn=(6116) _dl_allocate_tls
0 6
cfn=(2712)
calls=1 0 
0 288
0 4
cfn=(3472)
calls=1 0 
0 227

fn=(1322)
0 456

fn=(1386)
0 12
cfn=(1388)
calls=1 0 
0 71
0 37
cfn=(654)
calls=1 0 
0 35
0 3
cfn=(744)
calls=1 0 
0 30
0 9

ob=(7)
fl=(17) /home/omarm/Desktop/UNIMIB/Stage/Stage/Codes/C/Minimizer-Demo/c/utility.c
fn=(4562) supporting_length
117 39483104
+1 78966208
+5 197415520
+1 789662080
-1 513280352
+1 118449312
-1 118449312
+4 39483104

fn=(4606) fetch
154 144213565
+1 93375815
cob=(6)
cfi=(20) /usr/src/debug/glib2/build/../glib/glib/gqueue.c
cfn=(4612) g_queue_peek_head
calls=32266550 855 
* 258132400
cob=(1)
cfi=(1)
cfn=(4178)
calls=1 0 
* 725
* 32266555
* 64533102
+1 6847676
cob=(6)
cfi=(20)
cfn=(4618) g_queue_pop_head
calls=3423837 515 
* 445497514
cob=(1)
cfi=(1)
cfn=(4178)
calls=1 0 
* 833
* 3423842
+2 10271514
-3 64533102
cob=(6)
cfi=(20)
cfn=(4570) g_queue_is_empty
calls=32266551 +3 
* 225865857
* 32266551
* 64533102
+7 28842713
-1 28842713
+1 57685426
-1 28842713
cob=(6)
cfi=(20)
cfn=(4612)
calls=28842713 855 
* 230741704
* 28842713
-2 1528400
cob=(2)
cfi=(2)
cfn=(4600)
calls=764200 0 
* 67541208
* 764200
* 764200

fn=(6572) substring
5 4630704
+1 578838
cob=(2)
cfi=(2)
cfn=(3860)
calls=578838 -6 
* 8108278
* 578838
+2 4630704
+3 1157676
+2 1736514
cob=(2)
cfi=(2)
cfn=(3894)
calls=578838 -13 
* 24311196
* 578838
* 578838
+1 1157676
+3 2894190
cob=(2)
cfi=(2)
cfn=(6578) 0x0000000000170a00
calls=578837 -17 
* 16959883
cob=(1)
cfi=(1)
cfn=(4178)
calls=1 -17 
* 819
* 578842
+1 578838
-1 578838
+4 4051866

fn=(4564) insertLex
141 319469843
+1 58085426
cob=(6)
cfi=(20)
cfn=(4570)
calls=29042712 +16 
* 203298984
cob=(1)
cfi=(1)
cfn=(4178)
calls=1 0 
* 718
* 29042717
* 4250814
cob=(6)
cfi=(20)
cfn=(4570)
calls=2125407 +16 
* 14877849
* 2125407
+1 114406871
+1 52070631
-1 52070631
cob=(6)
cfi=(20)
cfn=(4584) g_queue_peek_tail_link
calls=52070630 601 
* 260353150
cob=(1)
cfi=(1)
cfn=(4178)
calls=1 0 
* 779
* 52070635
* 104141262
24 104141262
+1 104141262
+1 104141262
+4 37373667
-6 32708454
+2 62926155
-1 62926155
+3 188778465
146 51104976
cob=(6)
cfi=(20)
cfn=(4592) g_queue_pop_tail
calls=25552487 618 
* 3356056998
cob=(1)
cfi=(1)
cfn=(4178)
calls=1 0 
* 848
* 25552492
+2 76657464
+1 46854162
cob=(2)
cfi=(2)
cfn=(4600)
calls=23427080 0 
* 2057633457
cob=(1)
cfi=(1)
cfn=(4178)
calls=1 0 
* 803
* 23427085
-7 46854162
cob=(6)
cfi=(20)
cfn=(4570)
calls=23427081 +16 
* 163989567
* 23427081
+1 46854162
+9 29042713
-1 58085426
+1 116170852
-1 29042713
cob=(6)
cfi=(20)
cfn=(4576) g_queue_push_tail
calls=29042712 415 
* 3850337317
cob=(1)
cfi=(1)
cfn=(4178)
calls=1 0 
* 972
* 29042717

fn=(6076) free_garray_Occurrence
301 250132
-1 500264
+5 625330
+1 125066
+1 125066
-2 125066
+2 125066
cob=(2)
cfi=(2)
cfn=(4600)
calls=125066 0 
* 13256910
* 125066
-2 250132
+6 125066
-1 250132
+1 250132
-1 125066
cob=(6)
cfi=(15) /usr/src/debug/glib2/build/../glib/glib/garray.c
cfn=(4772) g_array_free
calls=125066 513 
* 37394625
* 125066

fn=(6600) print_PAF_minimap
241 3183609
+9 868257
+1 144897
+1 289794
+1 144897
-1 289794
+1 144897
+3 868257
+1 144929
+1 289858
+1 144929
-1 289858
+1 144929
96 2029006
266 144929
-2 289858
96 2022860
266 144490
-2 288980
+2 144897
cob=(6)
cfi=(9) /usr/src/debug/glib2/build/../glib/glib/ghash.c
cfn=(6754) g_hash_table_contains
calls=144896 1678 
* 11148198
cob=(1)
cfi=(1)
cfn=(4178)
calls=1 0 
* 852
* 144901
* 289794
+7 571908
cob=(2)
cfi=(2)
cfn=(6118)
calls=190635 0 
* 6862860
cob=(1)
cfi=(1)
cfn=(4178)
calls=1 0 
* 859
* 190640
+2 4765900
cob=(2)
cfi=(2)
cfn=(5352) fprintf
calls=190636 0 
* 712615961
* 190636
+4 190636
-1 190636
+1 1143816
-1 190636
cob=(2)
cfi=(2)
cfn=(6120)
calls=190635 0 
* 6100320
cob=(1)
cfi=(1)
cfn=(4178)
calls=1 0 
* 852
* 190640
-8 289044
cob=(6)
cfi=(9)
cfn=(5962) g_hash_table_insert
calls=144522 1600 
* 85503607
* 144522
* 144522
+9 790264

fn=(4620) djb2
79 14403633
+1 9602422
-4 19204844
+5 19204844
-2 14403633
+2 76819376
-2 62415743

fn=(4476) is_numeric
61 87488139
+1 29162713
-1 58325426
+3 209426822
+1 113386047
-3 20000
+8 40000
-1 29142713
+1 58285426

fn=(6468) free_partial_GArray
282 355332596
-1 621832043
+2 177666298
-1 88833149
+1 88833149
cob=(2)
cfi=(2)
cfn=(4600)
calls=88833149 0 
* 10924540763
* 88833149
* 249579040
-1 124789520
+1 124789520
cob=(2)
cfi=(2)
cfn=(4600)
calls=124789520 0 
* 15348703868
* 124789520
-1 427245338
+3 355332596

fn=(5340) calculate_usage
344 8
+1 8
cob=(2)
cfi=(2)
cfn=(5346) getrusage
calls=3 0 
* 18
cob=(1)
cfi=(1)
cfn=(4178)
calls=1 0 
* 723
* 8
* 8
+4 8

fn=(6736) free_garray_of_pointers
288 40000
-1 60000
+4 20000
-4 20000
+4 60000
+3 4801211
cob=(2)
cfi=(2)
cfn=(4600)
calls=4801211 0 
* 552139265
* 4801211
-3 24006055
+1 4801211
+1 9602422
+5 20000
-1 40000
+1 40000
-1 20000
cob=(6)
cfi=(15)
cfn=(4772)
calls=20000 513 
* 7525305
* 20000

fl=(14) /home/omarm/Desktop/UNIMIB/Stage/Stage/Codes/C/Minimizer-Demo/c/alg3.c
fn=(5954) long_hash
132 14693052
+1 14693052

fn=(6074) filter_hash_table
54 1192894
+7 314254
-9 125066
+6 250132
cfi=(17)
cfn=(6076)
calls=125066 301 
* 53778185
+2 125066
+1 250132

fn=(6534) find_overlap
250 237090681
+1 26343409
-1 131717045
+1 52686818
+2 22708009
+2 22708009
+3 45416018
+2 22708009
-2 22708009
+2 45416018
-2 22708009
+2 22708009
+5 45416018
+49 289777499
-49 23328244
+1 11664122
-1 23328244
+1 34992366
+2 24142644
+2 593872
-8 593872
+1 296936
+9 296936
+13 296936
-23 296936
+1 296936
+9 593872
+5 296936
-3 296936
+1 296936
+2 1484680
+3 296936
+1 296936
+2 593872
-3 296936
+3 1187744
+2 1766582
+3 1736514
+1 289419
-1 289419
+1 289419
cob=(2)
cfi=(2)
cfn=(3860)
calls=289419 0 
* 4054200
* 289419
+1 1736514
cfi=(17)
cfn=(6572)
calls=289419 5 
* 36923887
+2 578838
-2 289419
+2 578838
+1 868257
cob=(2)
cfi=(2)
cfn=(3860)
calls=289419 0 
* 4054078
* 289419
+1 1447095
cfi=(17)
cfn=(6572)
calls=289419 5 
* 36767489
+4 289419
+1 578838
-5 289419
+3 289419
+2 289419
+8 289419
-8 289419
-1 289419
+7 289419
+2 289419
-10 289419
+2 289419
+8 578838
-8 289419
-2 578838
+1 289419
+1 289419
-1 289419
+1 868257
+6 289419
+2 289419
-8 578838
-1 289419
+1 289419
-1 289419
+1 289419
+8 289419
cfi=(17)
cfn=(6600)
calls=289419 -66 
* 843675929
+2 578838
cob=(2)
cfi=(2)
cfn=(4600)
calls=289419 0 
* 27238581
* 289419
+1 578838
cob=(2)
cfi=(2)
cfn=(4600)
calls=289419 0 
* 27238699
* 289419
+4 289419

fn=(6308) thread_matches
165 2
+3 11
cfn=(6310) compute_matches
calls=1 +11 
* 417192856831
+5 6
cob=(2)
cfi=(2)
cfn=(5352)
calls=1 0 
* 1291
* 1
+2 2
cob=(1)
cfi=(1)
cfn=(4178)
calls=1 0 
* 137516
* 5

fn=(6002) long_eq
136 40496199
+1 13498733

fn=(6310)
179 16
+2 3
+27 2
-27 3
+4 80000
+3 40000
+1 60000
+1 20000
-2 40000
+1 20000
cob=(6)
cfi=(15)
cfn=(4260) g_array_new
calls=20000 -51 
* 2360171
* 20000
* 20000
+1 20000
-1 20000
+1 80000
+1 20000
+1 20000
-1 40000
+1 20000
-1 20000
+1 20000
cob=(6)
cfi=(9)
cfn=(5952) g_hash_table_lookup
calls=20000 1477 
* 1510512
* 20000
-1 4781211
+1 4781211
-1 9562422
+1 4781211
-1 4781211
+1 4781211
cob=(6)
cfi=(9)
cfn=(5952)
calls=4781211 1477 
* 369455177
* 4781211
+2 14403633
+3 42085305
+1 9352290
+2 14028435
-2 854553756
+2 1281830634
fi=(16) /home/omarm/Desktop/UNIMIB/Stage/Stage/Codes/C/Minimizer-Demo/c/utility.h
-90 427245338
cob=(2)
cfi=(2)
cfn=(3894)
calls=213622669 0 
* 43919806638
* 213622669
+2 427245338
fe=(14)
+93 213622669
-1 213622669
+4 427245338
-3 213622669
+3 213622669
-5 213622669
+2 427245338
+3 213622669
cob=(6)
cfi=(15)
cfn=(4538) g_array_append_vals
calls=213622669 592 
* 20386601219
* 213622669
-11 1518834028
-7 14423633
+22 60000
cob=(6)
cfi=(15)
cfn=(6450) g_array_sort
calls=19999 921 
* 80866928440
cob=(1)
cfi=(1)
cfn=(4178)
calls=1 0 
* 4756581
* 20004
+5 60000
-3 19997
+3 39994
-1 19997
+1 59991
+2 907247472
+7 355332596
+7 266499447
+1 88833149
-1 88833149
cfi=(17)
cfn=(6468)
calls=88833149 +49 
* 29101100549
-16 355332596
+1 1209743284
+1 604871642
+2 213622669
+3 213622669
-3 427245338
-4 640828013
+23 59991
cob=(6)
cfi=(15)
cfn=(4772)
calls=19997 513 
* 3337857243
* 19997
* 9
cob=(6)
cfi=(15)
cfn=(4772)
calls=3 513 
* 552
* 3
+1 40000
cfi=(17)
cfn=(6736)
calls=20000 +47 
* 608016680
+2 60000
-62 80000
+66 11
-19 158060454
cfi=(25) /home/omarm/Desktop/UNIMIB/Stage/Stage/Codes/C/Minimizer-Demo/c/fragments.c
cfn=(6470) maximal_colinear_subset
calls=26343409 495 
* 223273549959
+2 52686818
-1 79030227
+1 210747272
cfn=(6534)
calls=26343409 +20 
* 2137860163
* 79030227
+14 20000
cob=(6)
cfi=(9)
cfn=(6760) g_hash_table_destroy
calls=9999 1455 
* 19966946
cob=(1)
cfi=(1)
cfn=(4178)
calls=1 0 
* 3372
* 10004
* 10000
-58 30000
cob=(6)
cfi=(9)
cfn=(3886) g_hash_table_new
calls=10000 978 
* 4571479
* 10000
* 20000

fn=(6460) compare_Triple_fragment
65 2292498311
-1 2292498311
+4 2292498311
-1 6877494933
+3 1084943714
-1 1084943714
+3 858236780
-4 214559195
+4 429118390
+2 15349359
+4 2292498311

fn=(4170) main
316 1
+1 3
-1 6
+1 4
cob=(1)
cfi=(1)
cfn=(4178)
calls=1 0 
* 1010
* 5
+3 1
+3 1
+1 1
-3 1
-1 1
+5 1
cob=(1)
cfi=(1)
cfn=(4178)
calls=1 0 
* 713
* 5
+2 2
+5 5
cob=(1)
cfi=(1)
cfn=(4178)
calls=1 0 
* 906
* 5
+1 3
-1 1
+1 1
cob=(6)
cfi=(15)
cfn=(4260)
calls=1 138 
* 266
* 1
* 1
+1 2
-1 1
+1 4
cob=(6)
cfi=(15)
cfn=(4260)
calls=1 138 
* 266
* 1
* 1
+2 1
cob=(2)
cfi=(2)
cfn=(4250) clock
calls=1 0 
* 35
* 1
* 2
+1 10
cob=(1)
cfi=(1)
cfn=(4178)
calls=1 0 
* 2231
* 5
* 80000
cob=(2)
cfi=(2)
cfn=(4268) getline
calls=20000 0 
* 21403003
* 20000
* 40002
+3 20000
32 80000
cob=(6)
cfi=(15)
cfn=(4260)
calls=20000 138 
* 2360148
* 20000
+2 40000
-2 20000
+2 20000
cob=(2)
cfi=(2)
cfn=(4402) strtok
calls=19999 -34 
* 2159892
cob=(1)
cfi=(1)
cfn=(4178)
calls=1 -34 
* 798
* 20004
+1 20000
-1 20000
+1 20000
cob=(2)
cfi=(2)
cfn=(3860)
calls=19999 -35 
* 279986
cob=(1)
cfi=(1)
cfn=(4178)
calls=1 -35 
* 732
* 20004
* 20000
fi=(16)
+75 40000
cob=(2)
cfi=(2)
cfn=(3894)
calls=19999 0 
* 839958
cob=(1)
cfi=(1)
cfn=(4178)
calls=1 0 
* 942
* 20004
+2 40000
fe=(14)
-76 80000
cob=(2)
cfi=(2)
cfn=(4348) 0x000000000016c540
calls=19999 -36 
* 299985
cob=(1)
cfi=(1)
cfn=(4178)
calls=1 -36 
* 849
* 20004
+1 40000
+1 60000
cob=(2)
cfi=(2)
cfn=(4402)
calls=20000 -38 
* 2260000
* 20000
* 90492999
cob=(2)
cfi=(2)
cfn=(4402)
calls=30164333 -38 
* 3440046232
* 30164333
* 30184333
+2 60368666
+1 118654092
cfi=(17)
cfn=(4476)
calls=29162713 +20 
* 585277286
* 58325426
fi=(18) /usr/include/stdlib.h
483 116570852
cob=(2)
cfi=(2)
cfn=(4484) strtol
calls=29142712 0 
* 3232637480
cob=(1)
cfi=(1)
cfn=(4178)
calls=1 0 
* 835
* 29142717
fe=(14)
43 87428139
fi=(18)
483 29142713
fe=(14)
43 29142713
cob=(6)
cfi=(15)
cfn=(4538)
calls=29142712 592 
* 2488757785
cob=(1)
cfi=(1)
cfn=(4178)
calls=1 -43 
* 1096
* 29142717
+3 29142713
-5 2003240
+42 20000
342 20000
83 60000
cob=(6)
cfi=(15)
cfn=(4260)
calls=20000 +55 
* 2360524
* 20000
+4 20000
-4 20000
+1 20000
cob=(6)
cfi=(20)
cfn=(4558) g_queue_new
calls=19999 -41 
* 1419929
cob=(1)
cfi=(1)
cfn=(4178)
calls=1 -84 
* 859
* 20004
+3 20000
-2 20000
-1 20000
+3 72924506
fi=(16)
+23 58085426
cob=(2)
cfi=(2)
cfn=(3894)
calls=29042713 0 
* 1937947770
* 29042713
* 29042713
+2 58085426
fe=(14)
-23 29042713
+6 87128139
-6 29042713
+4 29042713
+1 29042713
-3 29042713
+4 29042713
cfi=(17)
cfn=(4562)
calls=29042713 +22 
* 1394050224
+3 87128139
-3 29042713
+1 29042713
+2 58085426
-2 58085426
+2 29042713
cfi=(17)
cfn=(4564)
calls=29042713 +43 
* 11993538366
+2 58085426
+1 86528139
cfi=(17)
cfn=(4606)
calls=28842713 +53 
* 1920158143
+2 28842713
-2 28842713
+3 28842713
-1 86528139
+1 86443515
-1 57629010
+3 31321173
cfi=(17)
cfn=(4562)
calls=10440391 +11 
* 501138768
* 20880782
+1 14403633
-20 4801211
+20 9602422
cfi=(17)
cfn=(4620)
calls=4801211 -28 
* 216054495
+1 4801211
+1 9602422
-1 4801211
+1 9602422
cob=(6)
cfi=(15)
cfn=(4538)
calls=4801211 592 
* 546039694
* 4801211
-22 9605753
+29 56627
-1 3331
+1 283373
-1 16669
+4 66387
cob=(6)
cfi=(20)
cfn=(4618)
calls=66387 515 
* 9013358
* 66387
+1 199161
-2 172774
cob=(6)
cfi=(20)
cfn=(4570)
calls=86387 +40 
* 604709
* 86387
+1 86387
-1 172774
+6 20000
cob=(6)
cfi=(20)
cfn=(4762) g_queue_free
calls=19999 -64 
* 2903549
cob=(1)
cfi=(1)
cfn=(4178)
calls=1 0 
* 791
* 20004
+1 100000
cob=(6)
cfi=(15)
cfn=(4538)
calls=20000 592 
* 1821168
* 20000
342 20000
+2 60000
-2 20000
+2 20000
cob=(6)
cfi=(15)
cfn=(4538)
calls=20000 592 
* 1745477
* 20000
+2 20000
+2 40000
-2 60000
+2 20000
-2 20000
+2 20000
cob=(6)
cfi=(15)
cfn=(4538)
calls=20000 592 
* 1772546
* 20000
+2 80000
cob=(6)
cfi=(15)
cfn=(4538)
calls=20000 592 
* 1731273
* 20000
+2 60000
cob=(6)
cfi=(15)
cfn=(4772)
calls=19999 513 
* 7511193
cob=(1)
cfi=(1)
cfn=(4178)
calls=1 0 
* 989
* 20004
* 20000
121 100442
cob=(2)
cfi=(2)
cfn=(4600)
calls=50221 0 
* 4773978
* 50221
* 50221
354 1
+3 1
-3 3
cob=(1)
cfi=(1)
cfn=(4178)
calls=1 0 
* 1176
* 5
+1 1
cob=(2)
cfi=(2)
cfn=(4250)
calls=1 0 
* 35
* 1
+2 1
-2 1
+2 1
cfi=(17)
cfn=(5340)
calls=1 -13 
* 736
+1 13
cob=(1)
cfi=(1)
cfn=(4178)
calls=1 0 
* 5081
* 5
+2 2
cfn=(5942) compute_k_finger_occurrences
calls=1 139 
* 3136477250
+2 1
-2 1
+2 1
cfi=(17)
cfn=(5340)
calls=1 -18 
* 15
+1 2
cob=(1)
cfi=(1)
cfn=(4178)
calls=1 0 
* 732
* 5
+1 4
-1 1
+1 3
cob=(2)
cfi=(2)
cfn=(5352)
calls=1 0 
* 2005
* 1
+3 4
cob=(1)
cfi=(1)
cfn=(4178)
calls=1 0 
* 75411589
* 5
+2 2
cfi=(17)
cfn=(5340)
calls=1 -25 
* 15
+1 2
cob=(6)
cfi=(9)
cfn=(6030) g_hash_table_size
calls=1 2201 
* 5
* 1
+1 4
-1 1
+1 3
cob=(2)
cfi=(2)
cfn=(5352)
calls=1 0 
* 2012
* 1
+9 1
+2 1
-1 2
+6 2
+6 1
+3 1
+4 3
-6 1
-1 1
+7 1
-4 1
-1 1
+3 1
+2 1
cob=(2)
cfi=(2)
cfn=(5352)
calls=1 0 
* 1184
* 1
+2 5
cob=(1)
cfi=(1)
cfn=(4178)
calls=1 0 
* 2107
* 5
+4 3
cob=(1)
cfi=(1)
cfn=(4178)
calls=1 0 
* 1067
* 5
+15 1
cob=(2)
cfi=(2)
cfn=(4250)
calls=1 0 
* 35
* 1
+2 1
-2 1
+2 1
cfi=(17)
cfn=(5340)
calls=1 -79 
* 15
+2 11
cob=(2)
cfi=(2)
cfn=(5352)
calls=1 0 
* 4296
* 1
+3 12

fn=(5942)
139 9
+1 5
cob=(1)
cfi=(1)
cfn=(4178)
calls=1 0 
* 1116
* 5
+2 1
-2 1
+2 6
+1 5
+2 3
-2 99995
+2 99997
fi=(16)
-35 9602422
cob=(2)
cfi=(2)
cfn=(3894)
calls=4801211 0 
* 909103540
* 4801211
+2 9602422
fe=(14)
+41 4801211
+5 14403633
-5 9602422
-1 4801211
-7 4801211
+8 24006055
+5 4801211
cob=(6)
cfi=(15)
cfn=(4538)
calls=4801211 592 
* 816994199
* 4801211
+1 19204844
cob=(6)
cfi=(9)
cfn=(5962)
calls=4801210 1600 
* 774384418
cob=(1)
cfi=(1)
cfn=(4178)
calls=1 0 
* 971
* 4801215
-14 9602422
+1 4801211
+1 4801211
-1 4801211
+1 9602422
cob=(6)
cfi=(9)
cfn=(5952)
calls=4801210 1477 
* 368759385
cob=(1)
cfi=(1)
cfn=(4178)
calls=1 0 
* 777
* 4801215
* 4801211
+2 9602422
+1 1757280
cob=(6)
cfi=(15)
cfn=(4260)
calls=439320 -12 
* 90993961
* 439320
* 878640
-8 120000
+21 12

fl=(25)
fn=(6488) compare_keys
435 2253693230
+1 1126846615

fn=(6496) activate_Point_int
474 1175183181
+1 130575909
+1 130575909
-1 130575909
-33 261151818
+2 130575909
+1 261151818
+3 261151818
+2 522303636
cfn=(6488)
calls=130575909 -15 
* 391727727
* 687151584
cfn=(6488)
calls=171787896 -15 
* 515363688
+1 604727610
+3 488366964
-2 148147844
+5 296295688
+2 116360646
+3 47280104
-2 34540271
+17 69080542
cob=(6)
cfi=(26) /usr/src/debug/glib2/build/../glib/glib/gtree.c
cfn=(6494) g_tree_node_value
calls=34540271 1016 
* 172701355
* 34540271
* 192071276
cob=(6)
cfi=(26)
cfn=(6494)
calls=96035638 1016 
* 480178190
* 96035638
-9 391727727
+3 77315400
+6 261151818
+9 117089208
-90 508181232
cfn=(6498) g_tree_remove_internal_lower_bound.constprop.0
calls=127045308 118 
* 10550144911
+84 381135924
-1 127045308
+1 127045308
-1 254090616
+7 115939758
-2 231879516
+2 695638548
-2 115939758
cob=(6)
cfi=(26)
cfn=(6484) g_tree_insert
calls=115939758 +12 
* 29997243378
* 115939758
-42 231879516
+27 106521018

fn=(6470)
495 26343409
+2 26343409
-2 210747272
+2 26343409
+2 52686818
-4 26343409
fi=(16)
110 26343409
fe=(25)
495 52686818
fi=(16)
110 26343409
cob=(2)
cfi=(2)
cfn=(3894)
calls=26343409 0 
* 4304788563
* 26343409
+2 52686818
-2 79030227
cob=(2)
cfi=(2)
cfn=(3894)
calls=26343409 0 
* 1241284864
* 26343409
* 26343409
+2 52686818
fe=(25)
503 105373636
+7 184403863
-6 26343409
+6 131717045
-6 26343409
fi=(16)
110 26343409
fe=(25)
504 26343409
fi=(16)
110 26343409
cob=(2)
cfi=(2)
cfn=(3894)
calls=26343409 0 
* 1185453576
* 26343409
fe=(25)
504 104232500
fi=(16)
110 104232500
fe=(25)
504 104232500
fi=(16)
110 104232500
cob=(2)
cfi=(2)
cfn=(3894)
calls=104232500 0 
* 6595606562
* 104232500
* 130575909
+2 261151818
fe=(25)
509 130575909
-1 130575909
-84 783455454
cob=(2)
cfi=(2)
cfn=(3894)
calls=130575909 0 
* 6327084939
* 130575909
* 261151818
+2 130575909
+2 130575909
-2 130575909
+3 130575909
-5 130575909
cob=(2)
cfi=(2)
cfn=(3894)
calls=130575909 0 
* 18705676185
* 130575909
+86 261151818
+9 130575909
+1 130575909
-17 130575909
+7 130575909
-82 130575909
+1 130575909
+84 130575909
+1 130575909
+1 130575909
+1 130575909
+1 130575909
-91 130575909
+77 313838636
348 158060454
fi=(16)
110 26343409
cob=(2)
cfi=(2)
cfn=(3894)
calls=26343409 0 
* 11260318230
* 26343409
+2 52686818
-2 26343409
+2 26343409
fe=(25)
352 52686818
-2 131717045
+3 26343409
+1 26343409
+3 52686818
-1 79030227
-3 204205144
+1 204205144
+3 408410288
-1 612615432
+2 130575909
-6 130575909
+8 130575909
-8 730768636
+9 99972644
-1 99972644
-8 699808508
+13 52686818
+5 237090681
+2 52686818
-2 52686818
+2 26343409
-2 52686818
+2 8519712
-2 8519712
+2 4259856
-2 8519712
527 79030227
cob=(2)
cfi=(2)
cfn=(4600)
calls=26343409 0 
* 2784921220
* 26343409
+1 52686818
cob=(2)
cfi=(2)
cfn=(4600)
calls=26343409 0 
* 2784988110
* 26343409
+2 52686818
cob=(2)
cfi=(2)
cfn=(3894)
calls=26343409 0 
* 1193588695
* 26343409
+1 26343409
-1 26343409
+1 26343409
cob=(2)
cfi=(2)
cfn=(3894)
calls=26343409 0 
* 1758150840
* 26343409
+12 26343409
+3 52686818
-11 26343409
+11 52686818
-3 26343409
-10 26343409
+11 26343409
+4 26343409
-12 26343409
+2 26343409
+2 26343409
+1 26343409
+5 26343409
cob=(6)
cfi=(26)
cfn=(6478) g_tree_new_full
calls=26343408 185 
* 2344563312
cob=(1)
cfi=(1)
cfn=(4178)
calls=1 0 
* 973
* 26343413
+2 26343409
-2 26343409
+2 158060454
+60 105373636
cob=(6)
cfi=(26)
cfn=(6484)
calls=26343408 496 
* 3509924179
cob=(1)
cfi=(1)
cfn=(4178)
calls=1 0 
* 788
* 26343413
-60 470757954
+1 627677272
+2 627677272
+56 313838636
+3 261151818
-62 130575909
+62 130575909
cfn=(6496)
calls=130575909 474 
* 51783724007
-62 261151818
+67 237090681
489 313838636
+3 130575909
-50 261151818
+2 130575909
+1 261151818
+3 391727727
+2 522303636
cfn=(6488)
calls=130575909 -15 
* 391727727
* 660634304
cfn=(6488)
calls=165158576 -15 
* 495475728
+1 591468970
+3 473558126
-2 141672953
+5 283345906
+2 117910844
+3 46971246
-2 35469799
+32 70939598
cob=(6)
cfi=(26)
cfn=(6494)
calls=35469799 1016 
* 177348995
* 35469799
* 190212220
cob=(6)
cfi=(26)
cfn=(6494)
calls=95106109 1016 
* 475530545
cob=(1)
cfi=(1)
cfn=(4178)
calls=1 0 
* 722
* 95106114
+62 156919318
+1 156919318
-1 313838636
+4 96949969
-1 193899938
+45 211819680
+1 282426240
-47 59969349
-1 59969349
+1 119938698
-66 52686818
cob=(6)
cfi=(26)
cfn=(6508) g_tree_node_last
calls=26343408 244 
* 385707417
cob=(1)
cfi=(1)
cfn=(4178)
calls=1 0 
* 739
* 26343413
* 52686818
cob=(6)
cfi=(26)
cfn=(6494)
calls=26343409 1016 
* 131717045
* 26343409
* 26343409
+78 26343409
-1 79030227
+1 26343409
+4 26343409
-1 26343409
-4 26343409
+5 26343409
-4 52686818
+1 26343409
+4 52686818
-15 52686818
+1 22708009
+1 45416018
-1 45416018
+5 22708009
-5 158956063
+5 22708009
+1 45416018
-1 22708009
+1 45416018
+8 22708009
+20 22708009
-28 22708009
+6 45416018
-6 22708009
+28 22708009
334 68124027
565 7270800
+8 3635400
+20 3635400
-28 3635400
+6 7270800
-6 3635400
+28 3635400
334 10906200
+7 313838636
-7 313838636
+7 313838636
cob=(2)
cfi=(2)
cfn=(4600)
calls=313838636 0 
* 36562488734
* 313838636
-7 627677272
+1 313838636
+1 941515908
+1 522303636
+1 130575909
cob=(2)
cfi=(2)
cfn=(4600)
calls=130575909 0 
* 14010697087
* 130575909
+1 130575909
+5 52686818
cob=(2)
cfi=(2)
cfn=(4600)
calls=26343409 0 
* 2458077051
* 26343409
597 52686818
cob=(6)
cfi=(26)
cfn=(6524) g_tree_destroy
calls=26343408 421 
* 24991103060
cob=(1)
cfi=(1)
cfn=(4178)
calls=1 0 
* 1666
* 26343413
+2 26343409
-23 18177000
+5 7270800
-5 7270800
+14 3635400

fn=(6498)
118 1016362464
+10 889317156
+5 127045308
-1 127045308
+1 127045308
+3 254090616
+17 444128796
+3 129009087
+1 258018174
-18 516036348
cfn=(6488)
calls=129009087 435 
* 387027261
+18 23101548
-18 92406192
cfn=(6488)
calls=23101548 435 
* 69304644
* 508181232
cfn=(6488)
calls=127045308 435 
* 381135924
+1 558311886
+5 171274635
+3 23101548
-6 23101548
+7 46203096
+12 203795634
+3 35370024
cob=(6)
cfi=(26)
cfn=(6494)
calls=17685012 1016 
* 88425060
* 17685012
* 67979994
cob=(6)
cfi=(26)
cfn=(6494)
calls=33989997 1016 
* 169949985
* 33989997
468 155025027
+3 51675009
164 103350018
-35 115939758
331 1397498388
173 33316650
+1 56008154
+3 8289256
+2 8289256
-2 8289256
+2 12766952
+12 5568262
+1 11136524
+1 11136524
+18 30216485
+82 9012186
+3 10304585
+11 4121834
+6 2049992
-46 512498
+25 512498
+1 1024996
+20 252920
-46 126460
+25 126460
+1 252920
-1 11105550
+1 22211100
+3 46496660
+30 33316650
cob=(6)
cfi=(10) /usr/src/debug/glib2/build/../glib/glib/gslice.c
cfn=(4596) g_slice_free1
calls=11105549 -52 
* 1282166014
cob=(1)
cfi=(1)
cfn=(4178)
calls=1 0 
* 776
* 11105554
+2 11105550
+2 22211100
177 640030
+2 450034
+6 218392
+1 436784
+1 436784
289 218392
+5 2266244
100 4532488
+8 281412
-84 140706
+1 34332
+9 17166
-3 17166
+2 17166
+3 34332
-2 53187
-3 53187
+2 53187
+3 106374
+11 284730
+3 170838
+41 56946
299 113892
91 13407
299 26814
+8 190865
-6 381730
+1 65816
+5 768518
+4 379380
-15 1921295
-2 65816
100 131632
+2 9046828
-37 1018242
+1 372194
+9 372194
-9 372194
+6 372194
+8 1488776
+24 372194
-24 372194
+3 1116582
+8 372194
299 744388
80 7558052
+24 1889513
-24 1889513
+3 5668539
+8 1889513
299 5915277
+1 2136251
+7 2136251
-7 4944
+7 4944
-3 250098
28 53187
+1 106374
-7 1752586
+2 3505172
+1 48766
+9 24383
-3 24383
+11 24383
-3 24383
-3 48766
-2 1728203
-3 1728203
+11 1728203
-3 1728203
-3 3456406
+11 75744
+3 18936
-11 18936
+3 18936
+32 18936
+29 18936
-38 18936
+10 18936
+7 37872
-17 18936
-26 1733650
+3 1733650
+32 1733650
+29 1733650
-38 1733650
+10 1733650
+7 3467300
-17 1733650
+1 47846
+9 23923
-3 23923
+2 23923
+6 23923
-3 47846
-2 1728663
-3 1728663
+2 1728663
+6 1728663
-3 3457326
-38 53628
+3 40221
+27 136927
+6 136927
-5 136927
+2 136927
+5 136927
-14 18797
+2 37594
+4 18419
+1 18419
+5 18419
-3 18419
+19 18419
-3 18419
-11 36838
-2 378
-3 378
+19 378
-3 378
-11 756
+3 55851
+3 55851
-42 18617
-8 18617
+76 18617
-75 37234
+49 360
-42 180
-8 180
+76 180
-75 360
-6 1728203
+1 3456406
+40 1728663
+1 3457326
217 6837882
+21 3026322
-1 3026322
+8 6052644
-7 73843
-1 73843
+8 735284
-7 2350392
+9 587598
+1 1175196
-3 2350392
+2 28415
+1 56830
-3 113660
+2 587598
+4 587598
+1 587598
-1 587598
+1 587598
+3 1175196
+2 1175196
+3 1132770
+1 566385
+2 566385
+1 566385
+13 1132770
-16 21213
+2 21213
+1 21213
+13 42426
-6 2412857
-1 11026044
+2 3100165
+3 3100165
+1 3100165
+1 3100165
+2 6200330
+2 1207772
+1 73843
+7 12400660
177 2496279
+2 2496279
-2 2496279
66 1134
217 4992558
+41 42426
+18 42426
-59 94998
-42 94998
+42 94998
+2 42310
cob=(6)
cfi=(26)
cfn=(6714) g_tree_node_previous
calls=21155 +54 
* 190395
* 21155
+1 42310
+6 42310
+1 42310
+62 21155
-5 1060086
-33 2512567
-10 2512567
+11 2512567
-1 2512567
-13 2512567
+29 12562835
+13 4992558
-82 1630428
cob=(6)
cfi=(26)
cfn=(6530) g_tree_node_next
calls=815213 300 
* 7336917
cob=(1)
cfi=(1)
cfn=(4178)
calls=1 0 
* 707
* 815218
+1 1630428
+11 1630428
+1 1630428
+78 815214
-91 13250
cob=(6)
cfi=(26)
cfn=(6530)
calls=6625 300 
* 59625
* 6625
+1 13250
+6 13250
+1 13250
+83 6625
-70 2751474
cob=(6)
cfi=(26)
cfn=(6714)
calls=1375736 +54 
* 12381624
cob=(1)
cfi=(1)
cfn=(4178)
calls=1 0 
* 758
* 1375741
+1 2751474
+11 2751474
+1 2751474
+57 4880909

fl=(13)
fn=(7704) 0x0000000000002b00
0 5

fn=(4144) 0x0000000000002bc0
0 12

fn=(4108)
0 12
cob=(2)
cfi=(2)
cfn=(4110) (below main)
calls=1 0 
0 33660847543

fn=(4150) 0x0000000000002ab0
0 8

fn=(7686)
0 9
cob=(2)
cfi=(2)
cfn=(7692)
calls=1 0 
0 78
0 1
cfn=(7704)
calls=1 0 
0 5
0 3

ob=(2)
fl=(2)
fn=(3118)
0 22

fn=(3120)
0 18

fn=(3122)
0 34

fn=(3126)
0 24

fn=(3156)
0 25

fn=(3164)
0 25

fn=(3184)
0 34

fn=(3190)
0 57

fn=(3660)
0 12
cob=(1)
cfi=(1)
cfn=(212)
calls=1 0 
0 24
0 4
cob=(1)
cfi=(1)
cfn=(212)
calls=1 0 
0 24
0 4
cob=(1)
cfi=(1)
cfn=(212)
calls=1 0 
0 24
0 4
cob=(1)
cfi=(1)
cfn=(212)
calls=1 0 
0 24
0 4
cob=(1)
cfi=(1)
cfn=(212)
calls=1 0 
0 24
0 19
cfn=(3662) __ctype_init
calls=1 0 
0 17
0 7
cfn=(3664) getrlimit
calls=1 0 
0 10
0 30
cfn=(3666) 0x0000000000096f60
calls=1 0 
0 97
0 6

fn=(3666)
0 12
cob=(1)
cfi=(1)
cfn=(212)
calls=1 0 
0 24
0 4
cob=(1)
cfi=(1)
cfn=(212)
calls=1 0 
0 23
0 4
cob=(1)
cfi=(1)
cfn=(212)
calls=1 0 
0 24
0 6

fn=(4004) brk
0 5236

fn=(4052) 0x00000000000a09a0
0 881225584

fn=(4220) _IO_doallocbuf
0 58
cfn=(4276) _IO_file_doallocate
calls=2 0 
0 50735
0 29

fn=(5282) fclose
0 20
cfn=(5336) _IO_file_finish
calls=1 0 
0 34
0 19
cfn=(5284) _IO_un_link
calls=1 0 
0 104
0 28
cfn=(5328) _IO_file_close_it
calls=1 0 
0 277
0 4

fn=(5320) 0x0000000000090b60
0 1715769

fn=(5334) __close_nocancel
0 12

fn=(5680) 0x0000000000059680
0 558
cfn=(5594) 0x0000000000052c70
calls=21 0 
0 441
0 363
cfn=(5688) 0x0000000000052060
calls=21 0 
0 975
0 429
cfn=(5594)
calls=12 0 
0 252
0 156

fn=(6112) getpagesize
0 12

fn=(6148) _IO_enable_locks
0 19

fn=(6150) 0x0000000000093d00
0 39
cfn=(6158) 0x0000000000119370
calls=1 0 
0 98
0 19

fn=(6164) 0x0000000000119470
0 16

fn=(6846) __open_nocancel
0 26

fn=(6902)
0 16
cob=(1)
cfi=(1)
cfn=(6904)
calls=1 0 
0 125055
0 6

fn=(7414)
0 73
cfn=(7440) 0x000000000003ceb0
calls=1 0 
0 70
0 12
cfn=(7418) 0x0000000000026130
calls=4 0 
0 164
0 61

fn=(7442) 0x000000000003cfd0
0 32

fn=(4112) __cxa_atexit
0 20
cfn=(4120) 0x000000000003efc0
calls=1 0 
0 33
0 24

fn=(3144)
0 19

fn=(3166)
0 19

fn=(3176)
0 16

fn=(3352)
0 7

fn=(3790)
0 36
cob=(3)
cfi=(3)
cfn=(3802) 0x00000000049f2320
calls=1 0 
0 24
0 12

fn=(3824)
0 22

fn=(3942) 0x00000000000a36e0
0 39968203114
cfn=(4674) 0x00000000000a13c0
calls=151827 0 
0 12869712501
0 4518367053
cfn=(4674)
calls=1159 0 
0 530094
0 271255376
cfn=(4848) 0x00000000000a12e0
calls=15040662 0 
0 333575859
0 391188221
cfn=(3982) 0x00000000000a2e30
calls=759 0 
0 202038
0 881227861
cfn=(4052)
calls=220306396 0 
0 881225584
0 477608529
cfn=(4848)
calls=12439 0 
0 298536
0 705522
cfn=(4848)
calls=117587 0 
0 3880371
0 5731793051

fn=(4002) sbrk
0 19024
cfn=(4004)
calls=487 0 
0 5227
0 4823
cfn=(4004)
calls=1 0 
0 9
0 12

fn=(4224) 0x000000000008a280
0 56925
cfn=(4232) _IO_file_write
calls=2475 0 
0 234880
0 81661

fn=(4402)
0 90612999
cfn=(4404) strtok_r
calls=30204333 0 
0 3353853233

fn=(5190) 0x0000000000119ef0
0 9184
cob=(1)
cfi=(1)
cfn=(212)
calls=1 0 
0 24
0 5

fn=(5354) 0x0000000000064d90
0 6481793
cfn=(5366) 0x0000000000059530
calls=190638 0 
0 4194162
0 953190
cfn=(5374) 0x00000000000621b0
calls=190638 0 
0 668693366
0 381276
cfn=(5908) 0x0000000000059570
calls=190638 0 
0 12282141
0 4956638
cfn=(5288) 0x0000000000090b10
calls=190638 0 
0 2478294
0 3812760
cfn=(5320)
calls=190638 0 
0 1715742
0 1525120
cfn=(5366)
calls=4 0 
0 96
0 20
cfn=(5374)
calls=4 0 
0 8036
0 8
cfn=(5908)
calls=4 0 
0 1112
0 4

fn=(5570) 0x0000000000051fa0
0 48

fn=(6114) mprotect
0 1176

fn=(6336) 0x00000000000a1b00
0 34
cfn=(6114)
calls=1 0 
0 6
0 6
cfn=(5190)
calls=1 0 
0 21
0 24
cfn=(5180) mmap
calls=1 0 
0 26
0 15
cfn=(6358) munmap
calls=1 0 
0 6
0 7
cfn=(6358)
calls=1 0 
0 6
0 13

fn=(6670) _IO_default_xsputn
0 2074
cfn=(6672) 0x000000000016c500
calls=61 0 
0 854
0 671

fn=(6852) __read_nocancel
0 6

fn=(6896) 0x0000000000168b20
0 26
cfn=(6900) 0x0000000000168900
calls=1 0 
0 125199
0 4

fn=(7478) 0x0000000000133400
0 6
cfn=(7480) 0x000000000013b170
calls=1 0 
0 22
0 8

fn=(7692)
0 230
cfn=(7694) 0x00000000000ff260
calls=5 0 
0 100
0 60

fn=(7874) _IO_file_setbuf
0 7
cfn=(7876) 0x000000000008da30
calls=1 0 
0 69
0 11

fn=(3148)
0 19

fn=(3186)
0 21

fn=(3662)
0 34

fn=(3982)
0 64062
cfn=(5242) 0x00000000000a2160
calls=13 0 
0 1420
0 14947
cfn=(4000) __default_morecore
calls=1 0 
0 33
0 1760
cfn=(6114)
calls=194 0 
0 1164
0 5350
cfn=(5172) 0x00000000000a2060
calls=422 0 
0 42663
0 5890
cfn=(4000)
calls=483 0 
0 25370
0 16768
cfn=(4362) 0x00000000000a2a30
calls=192 0 
0 22411
0 200

fn=(4090)
0 1397064
cfn=(3942)
calls=26350 0 
0 6438002
0 3
cfn=(3942)
calls=1 0 
0 143
0 659025
cfn=(3942)
calls=19 0 
0 6084
0 1003446

fn=(4234) write
0 24740
cfn=(6248) 0x00000000000902c0
calls=2470 0 
0 44460
0 27170
cfn=(6816) 0x0000000000090340
calls=2470 0 
0 37050
0 7410

fn=(4250)
0 36
cfn=(4252) clock_gettime
calls=4 0 
0 44
0 60

fn=(4284) _IO_switch_to_get_mode
0 438646

fn=(4484)
0 3232637585

fn=(4600)
0 30120543250
cfn=(4362)
calls=902828525 0 
0 71040304521
0 175718493
cfn=(4362)
calls=58572831 0 
0 3447455398
0 6729809590
cfn=(6730) 0x00000000000a09c0
calls=7 0 
0 252
0 2131

fn=(5180)
0 11362

fn=(5346)
0 24

fn=(6258) 0x0000000000093ff0
0 18
cfn=(3662)
calls=1 0 
0 17
0 3
cfn=(6264) 0x0000000000093f20
calls=1 0 
0 610
0 11
cfn=(4158) _setjmp
calls=1 0 
0 38
0 39
cfn=(7460) __call_tls_dtors
calls=1 0 
0 13
0 1
cfn=(7464) 0x0000000000090fa0
calls=1 0 
0 6
0 1
cfn=(7470) 0x00000000000a7c30
calls=1 0 
0 108023
0 34
cfn=(6112)
calls=1 0 
0 6
0 20
cfn=(6264)
calls=1 0 
0 48
0 2
cob=(7)
cfi=(14)
cfn=(6308)
calls=1 165 
0 417192995665
0 4
cfn=(6864) madvise
calls=1 0 
0 6
0 1

fn=(6322) 0x00000000000a1b60
0 37
cfn=(6336)
calls=1 0 
0 164
0 820

fn=(6788) 0x00000000000590d0
0 119350
cfn=(5912) 0x0000000000059400
calls=4774 0 
0 742311
0 9548

fn=(3856) getenv
0 36
cob=(3)
cfi=(3)
cfn=(3858) 0x00000000049f2240
calls=2 0 
0 32
0 1288
cob=(3)
cfi=(3)
cfn=(3866) 0x00000000049f22e0
calls=8 0 
0 252
0 34

fn=(6874) 0x00000000000592a0
0 946
cfn=(6788)
calls=86 0 
0 17468
0 1032

fn=(7266) 0x0000000000168ba0
0 144
cfn=(6900)
calls=6 0 
0 3903
0 90

fn=(7418)
0 28
cfn=(6894) __libc_unwind_link_get
calls=4 0 
0 88
0 36
cob=(8)
cfi=(32)
cfn=(7424)
calls=4 267 
0 12

fn=(7464)
0 6

fn=(7470)
0 2242
cfn=(4600)
calls=445 0 
0 102791
0 2611
cfn=(4600)
calls=1 0 
0 259
0 34
cfn=(7472) 0x0000000000160960
calls=1 0 
0 13
0 1
cfn=(7478)
calls=1 0 
0 36
0 1
cfn=(7490) 0x00000000000be400
calls=1 0 
0 20
0 1
cfn=(7496) 0x00000000000901e0
calls=1 0 
0 12
0 2

fn=(3124)
0 66

fn=(3146)
0 96

fn=(3152)
0 14

fn=(3154)
0 38

fn=(4000)
0 5220
cfn=(4002)
calls=870 0 
0 29095
0 3902

fn=(4272) __underflow
0 506131
cfn=(4274) _IO_file_underflow
calls=16871 0 
0 1653657
0 84353

fn=(4276)
0 44
cfn=(4278) _IO_file_stat
calls=2 0 
0 18
0 24
cfn=(3894)
calls=2 0 
0 50557
0 14
cfn=(4282) _IO_setb
calls=2 0 
0 58
0 20

fn=(4292) 0x000000000016bb40
0 8713780

fn=(4362)
0 12182
cfn=(4000)
calls=378 0 
0 12474
0 1902
cfn=(4000)
calls=4 0 
0 208
0 8
cfn=(4000)
calls=4 0 
0 132
0 731703
cfn=(4674)
calls=586 0 
0 20781116
0 17215953
cfn=(4848)
calls=14740 0 
0 393077
0 3298974
cfn=(4804) 0x00000000000a1560
calls=549829 0 
0 22402543
0 71214221612
cfn=(4786) 0x00000000000a28d0
calls=163081 0 
0 3347231058
0 652324

fn=(4804)
0 27480427
cfn=(4848)
calls=93670 0 
0 2469508
0 290195

fn=(5242)
0 260
cfn=(5180)
calls=13 0 
0 338
0 117
cfn=(5190)
calls=13 0 
0 273
0 432

fn=(5330) _IO_unsave_markers
0 14

fn=(5378) 0x000000000016e920
0 43465432

fn=(5386) 0x00000000000595b0
0 98579528
cfn=(4348)
calls=4006231 0 
0 62563276
0 32059224
cfn=(6788)
calls=4688 0 
0 853741
0 25192290

fn=(5586) 0x0000000000052820
0 78
cfn=(5594)
calls=2 0 
0 66
0 14

fn=(5970) 0x000000000016c510
0 169157

fn=(6160) 0x0000000000119300
0 10
cfn=(6164)
calls=1 0 
0 16
0 11

fn=(6228) _pthread_cleanup_push
0 14

fn=(6672)
0 854

fn=(6730)
0 210
cfn=(6358)
calls=7 0 
0 42

fn=(3868) 0x00000000001703a0
0 236

fn=(6894)
0 135
cfn=(6896)
calls=1 0 
0 125229
0 6
cfn=(7266)
calls=1 0 
0 702
0 4
cfn=(7266)
calls=1 0 
0 722
0 4
cfn=(7266)
calls=1 0 
0 628
0 4
cfn=(7266)
calls=1 0 
0 686
0 4
cfn=(7266)
calls=1 0 
0 669
0 4
cfn=(7266)
calls=1 0 
0 730
0 46

fn=(7366) 0x0000000000099810
0 41
cfn=(6228)
calls=1 0 
0 7
0 1
cob=(8)
cfi=(32)
cfn=(7376)
calls=1 1317 
0 19
0 3
cfn=(7380) _pthread_cleanup_pop
calls=1 0 
0 6
0 9

fn=(7828) 0x000000000008e640
0 14
cfn=(7830) _IO_flush_all
calls=1 0 
0 364
0 6
cfn=(5288)
calls=1 0 
0 13
0 86
cfn=(7874)
calls=1 0 
0 87
0 34
cfn=(5320)
calls=1 0 
0 9
0 19

fn=(7880) _IO_file_sync
0 21

fn=(3158)
0 50

fn=(3180)
0 25

fn=(3192)
0 88

fn=(3194)
0 69

fn=(3936) 0x00000000000a46c0
0 23
cfn=(3942)
calls=1 0 
0 384
0 193
cfn=(6314) 0x00000000000a0a90
calls=1 0 
0 16
0 6
cfn=(6322)
calls=1 0 
0 1021
0 4
cfn=(3942)
calls=1 0 
0 133
0 10

fn=(4160) __sigsetjmp
0 70

fn=(4232)
0 37125
cfn=(4234)
calls=2475 0 
0 140830
0 56925

fn=(4252)
0 44

fn=(4278)
0 6
cfn=(4280) fstat
calls=2 0 
0 12

fn=(4288) read
0 134968

fn=(4674)
0 9410220980
cfn=(4848)
calls=41695420 0 
0 930360402
0 1506685751
cfn=(4848)
calls=176468280 0 
0 3844914256
0 529404840

fn=(4848)
0 5121164282

fn=(5172)
0 12665
cfn=(5180)
calls=422 0 
0 10972
0 3798
cfn=(5190)
calls=422 0 
0 8898
0 6330

fn=(5288)
0 2478333

fn=(5336)
0 14
cfn=(5338) _IO_default_finish
calls=1 0 
0 20

fn=(5374)
0 4956718
cob=(3)
cfi=(3)
cfn=(5376) 0x00000000049f2290
calls=190643 0 
0 4003528
0 1334501
cfn=(5386)
calls=190643 0 
0 3622440
0 74539694
cob=(3)
cfi=(3)
cfn=(5376)
calls=2097010 0 
0 44037210
0 12582060
cfn=(5386)
calls=2097010 0 
0 113434393
0 11438209
cfn=(5386)
calls=381272 0 
0 20449528
0 34123794
cfn=(5430) 0x0000000000057b80
calls=1525096 0 
0 111613648
0 69964634
cfn=(5386)
calls=1525096 0 
0 81741384
0 35076341
cfn=(5488) 0x000000000005bc00
calls=6 0 
0 8190
0 33933114
cob=(3)
cfi=(3)
cfn=(3858)
calls=381272 0 
0 6103582
0 1906650
cfn=(6874)
calls=86 0 
0 19446
0 3812806

fn=(5430)
0 111613648

fn=(5634) 0x0000000000053930
0 144

fn=(5666) __libc_alloca_cutoff
0 66

fn=(5912)
0 6260210
cfn=(6814) __overflow
calls=2407 0 
0 560831
0 22936
cfn=(4216) _IO_file_xsputn
calls=67 0 
0 71041
0 10002

fn=(6264)
0 39
cfn=(6272) snprintf
calls=1 0 
0 549
0 4
cfn=(5190)
calls=1 0 
0 21
0 45

fn=(3896) 0x00000000000a1640
0 797
cob=(1)
cfi=(1)
cfn=(212)
calls=1 0 
0 23
0 4
cob=(1)
cfi=(1)
cfn=(212)
calls=1 0 
0 24
0 4
cob=(1)
cfi=(1)
cfn=(212)
calls=1 0 
0 23
0 4
cob=(1)
cfi=(1)
cfn=(212)
calls=1 0 
0 23
0 4
cob=(1)
cfi=(1)
cfn=(212)
calls=1 0 
0 24
0 4
cob=(1)
cfi=(1)
cfn=(212)
calls=1 0 
0 23
0 4
cob=(1)
cfi=(1)
cfn=(212)
calls=1 0 
0 23
0 4
cob=(1)
cfi=(1)
cfn=(212)
calls=1 0 
0 23
0 4
cob=(1)
cfi=(1)
cfn=(212)
calls=1 0 
0 23
0 4
cob=(1)
cfi=(1)
cfn=(212)
calls=1 0 
0 23
0 4
cob=(1)
cfi=(1)
cfn=(212)
calls=1 0 
0 23
0 4
cob=(1)
cfi=(1)
cfn=(212)
calls=1 0 
0 23
0 10

fn=(7380)
0 12

fn=(7496)
0 12

fn=(7830)
0 18
cfn=(5288)
calls=1 0 
0 13
0 25
cfn=(4218) _IO_file_overflow
calls=1 0 
0 196
0 84
cfn=(5320)
calls=1 0 
0 9
0 19

fn=(7876)
0 18
cfn=(7880)
calls=1 0 
0 21
0 30

fn=(4120)
0 33

fn=(3106)
0 30

fn=(3132)
0 34

fn=(3142)
0 22

fn=(3162)
0 50

fn=(3170)
0 42

fn=(3174)
0 14

fn=(3182)
0 72

fn=(3664)
0 10

fn=(4158)
0 6
cfn=(4160)
calls=2 0 
0 70

fn=(4268)
0 80004
cfn=(4270) getdelim
calls=20001 0 
0 21324515

fn=(4274)
0 421773
cfn=(4284)
calls=16871 0 
0 438646
0 269936
cfn=(4286) _IO_file_read
calls=16871 0 
0 219323
0 303686
cfn=(4220)
calls=1 0 
0 289
0 4

fn=(4282)
0 90
cfn=(4600)
calls=1 0 
0 160
0 2

fn=(4422) 0x000000000018bc80
0 1012400899

fn=(5274) mremap
0 231

fn=(5284)
0 15
cfn=(5288)
calls=1 0 
0 13
0 47
cfn=(5320)
calls=1 0 
0 9
0 24

fn=(5332) _IO_file_close
0 3
cfn=(5334)
calls=1 0 
0 6

fn=(5338)
0 20

fn=(5352)
0 1906500
cfn=(5354)
calls=4 0 
0 12548
0 2287656
cfn=(5354)
calls=190638 0 
0 707471210
0 953210

fn=(5488)
0 150
cob=(3)
cfi=(3)
cfn=(3858)
calls=6 0 
0 96
0 198
cfn=(5502) 0x00000000000597d0
calls=6 0 
0 7740
0 6

fn=(5502)
0 732
cfn=(4348)
calls=2 0 
0 22
0 290
cfn=(5586)
calls=2 0 
0 158
0 23
cfn=(4348)
calls=3 0 
0 33
0 338
cfn=(5666)
calls=6 0 
0 66
0 366
cfn=(5680)
calls=20 0 
0 1856
0 192
cfn=(5512) 0x0000000000053be0
calls=6 0 
0 132
0 72
cfn=(5680)
calls=6 0 
0 464
0 322
cfn=(5386)
calls=6 0 
0 314
0 50
cfn=(5570)
calls=4 0 
0 48
0 224
cfn=(5680)
calls=2 0 
0 244
0 10
cfn=(5680)
calls=5 0 
0 610
0 130
cfn=(5536) 0x00000000000526a0
calls=2 0 
0 32
0 86
cfn=(5536)
calls=4 0 
0 64
0 368
cfn=(5594)
calls=4 0 
0 132
0 148
cfn=(5634)
calls=2 0 
0 36
0 16
cfn=(5634)
calls=2 0 
0 36
0 40
cfn=(5634)
calls=4 0 
0 72
0 14

fn=(5536)
0 96

fn=(5980) 0x000000000016cf40
0 1798461

fn=(6102) __libc_sigaction
0 51

fn=(6104) pthread_getattr_default_np
0 13
cfn=(6106) 0x00000000000919b0
calls=1 0 
0 44
0 7

fn=(6106)
0 44

fn=(6146) 0x0000000000090d10
0 14

fn=(6158)
0 15
cfn=(6160)
calls=1 0 
0 37
0 17
cfn=(6188) clone
calls=1 0 
0 19
0 10

fn=(6188)
0 26
cfn=(6258)
calls=1 0 
0 417193104566

fn=(6272)
0 21
cfn=(6274) 0x00000000000886b0
calls=1 0 
0 523
0 5

fn=(6314)
0 16

fn=(6578)
0 16959911

fn=(7456) 0x000000000003cff0
0 21

fn=(7472)
0 13

fn=(7480)
0 22

fn=(3116)
0 42

fn=(3196)
0 14

fn=(3362)
0 7

fn=(3804) 0x0000000000171170
0 22

fn=(4084) realloc
0 31629627
cfn=(3894)
calls=509323 0 
0 89016484
0 64664820
cfn=(4322) 0x00000000000a4810
calls=287079 0 
0 3300116500
0 15776328
cfn=(4322)
calls=1002642 0 
0 427902884
0 12032053
cfn=(5274)
calls=11 0 
0 231
0 330

fn=(4156) 0x0000000000025d90
0 10
cfn=(4158)
calls=1 0 
0 38
0 15
cob=(7)
cfi=(14)
cfn=(4170)
calls=1 316 
0 33660844786
0 2
cfn=(7610) exit
calls=1 0 
0 2500

fn=(4218)
0 91097
cfn=(4222) _IO_do_write
calls=69 0 
0 10227
0 21663
cfn=(4222)
calls=2407 0 
0 401969
0 4818
cfn=(4220)
calls=2 0 
0 50533
0 14

fn=(4222)
0 22252
cfn=(4224)
calls=2468 0 
0 372668
0 17276

fn=(4322)
0 66479357
cfn=(3942)
calls=1049758 0 
0 1159158635
0 17844764
cfn=(4348)
calls=1049656 0 
0 2328842671
0 4198624
cfn=(4362)
calls=1049656 0 
0 91686127
0 4206852
cfn=(4362)
calls=210754 0 
0 47486809
0 1592338
cfn=(4848)
calls=212115 0 
0 5240052
0 1283155

fn=(4408) 0x000000000018e920
0 1073290348

fn=(5328)
0 19
cfn=(5330)
calls=1 0 
0 14
0 10
cfn=(5332)
calls=1 0 
0 9
0 9
cfn=(4282)
calls=1 0 
0 194
0 6
cfn=(5284)
calls=1 0 
0 4
0 12

fn=(5366)
0 4194258

fn=(6100) pthread_create
0 25
cfn=(6104)
calls=1 0 
0 64
0 6
cfn=(6112)
calls=1 0 
0 6
0 37
cfn=(6202) pthread_attr_destroy
calls=1 0 
0 6
0 133
cfn=(6150)
calls=1 0 
0 156
0 21
cfn=(6102)
calls=1 0 
0 51
0 32
cfn=(5180)
calls=1 0 
0 26
0 21
cfn=(6114)
calls=1 0 
0 6
0 14
cob=(1)
cfi=(1)
cfn=(6116)
calls=1 0 
0 525
0 5
cfn=(6148)
calls=1 0 
0 19
0 13
cfn=(6146)
calls=1 0 
0 14
0 13

fn=(6202)
0 6

fn=(6248)
0 44478

fn=(6274)
0 25
cfn=(5374)
calls=1 0 
0 468
0 6
cfn=(5924) 0x0000000000059070
calls=1 0 
0 18
0 6

fn=(6814)
0 43326
cfn=(4218)
calls=2407 0 
0 517505

fn=(6816)
0 37065

fn=(6892) pthread_exit
0 7
cfn=(6894)
calls=1 0 
0 129463
0 7
cfn=(7296) 0x000000000009d000
calls=1 0 
0 7308

fn=(6900)
0 105
cob=(1)
cfi=(1)
cfn=(1318)
calls=7 0 
0 128899
0 98

fn=(7296)
0 11
cfn=(7298) 0x00000000000260d0
calls=1 0 
0 7297

fn=(4110)
0 19
cfn=(4112)
calls=1 0 
0 77
0 12
cob=(1)
cfi=(1)
cfn=(4154)
calls=1 0 
0 5
0 6
cfn=(4156)
calls=1 0 
0 33660847351
0 11
cob=(3)
cfi=(3)
cfn=(4140) 0x000000000010a000
calls=1 0 
0 7
0 22
cob=(7)
cfi=(13)
cfn=(4150)
calls=1 0 
0 8
0 4
cob=(7)
cfi=(13)
cfn=(4144)
calls=1 0 
0 12
0 9

fn=(3128)
0 18

fn=(3130)
0 20

fn=(3150)
0 75

fn=(3172)
0 42

fn=(3178)
0 21

fn=(3816)
0 12

fn=(4216)
0 2664
cfn=(4218)
calls=68 0 
0 62620
0 1154
cfn=(6670)
calls=61 0 
0 3599
0 431
cfn=(4224)
calls=7 0 
0 798
0 28

fn=(4404)
0 513413661
cob=(3)
cfi=(3)
cfn=(4406) 0x00000000049f21f0
calls=30184333 0 
0 1133659014
0 181105998
cob=(3)
cfi=(3)
cfn=(4420) 0x00000000049f22c0
calls=30184333 0 
0 1072769565
0 452904995

fn=(5512)
0 132

fn=(5908)
0 5337976
cfn=(5912)
calls=190642 0 
0 6182709
0 762568

fn=(6236) 0x0000000000090a90
0 38
cfn=(6248)
calls=1 0 
0 18
0 12
cfn=(6816)
calls=1 0 
0 15
0 5

fn=(6358)
0 54

fn=(3894)
0 27792833407
cfn=(3942)
calls=277046018 0 
0 63330795018
0 8110987626
cfn=(3936)
calls=2 0 
0 1790
0 14457752281
cfn=(3942)
calls=12775523 0 
0 1833375311
0 89428662
cfn=(3896)
calls=1 0 
0 1129
0 2

fn=(3860)
0 21837846

fn=(7270)
0 102
cob=(1)
cfi=(1)
cfn=(2894)
calls=6 0 
0 3033
0 36

fn=(7364)
0 7
cfn=(7366)
calls=1 0 
0 86
0 3

fn=(7460)
0 26

fn=(7490)
0 8
cfn=(4600)
calls=1 0 
0 4
0 4
cfn=(4600)
calls=1 0 
0 4

fn=(7588) 0x0000000000091100
0 59

fn=(7694)
0 100

fn=(7912) _Exit
0 4

fn=(3134)
0 72

fn=(3136)
0 110

fn=(3138)
0 18

fn=(3140)
0 66

fn=(3160)
0 57

fn=(3168)
0 46

fn=(3188)
0 125

fn=(4214) fwrite
0 40
cfn=(4216)
calls=1 0 
0 253
0 28

fn=(4270)
0 1074984
cfn=(4084)
calls=5 0 
0 19989
0 70
cfn=(4348)
calls=5 0 
0 1175
0 184300
cfn=(4348)
calls=36860 0 
0 7630447
0 181190
cfn=(4272)
calls=16865 0 
0 2243045
0 168650
cob=(3)
cfi=(3)
cfn=(4290) 0x00000000049f2200
calls=16865 0 
0 4676034
0 80000
cob=(3)
cfi=(3)
cfn=(4290)
calls=20000 0 
0 4111476
0 731809
cfn=(3894)
calls=1 0 
0 193
0 220022
cfn=(4272)
calls=6 0 
0 1096
0 35

fn=(4280)
0 12

fn=(4286)
0 84355
cfn=(4288)
calls=16871 0 
0 134968

fn=(4348)
0 17140009536

fn=(4786)
0 1020128
cfn=(4674)
calls=12580 0 
0 3330562518
0 37778
cfn=(6864)
calls=3 0 
0 18
0 35
cfn=(6846)
calls=1 0 
0 26
0 43042
cfn=(6852)
calls=1 0 
0 6
0 11
cfn=(5334)
calls=1 0 
0 6
0 5066872
cfn=(4848)
calls=1262 0 
0 32221
0 978486
cfn=(4804)
calls=163081 0 
0 7837587
0 1652324

fn=(5594)
0 891

fn=(5688)
0 975

fn=(5924)
0 18

fn=(6118)
0 6863116

fn=(6120)
0 6100567

fn=(6212) pthread_join
0 44
cfn=(7588)
calls=1 0 
0 59
0 19
cfn=(6228)
calls=1 0 
0 7
0 6
cfn=(6236)
calls=1 0 
0 88
0 15
cfn=(7380)
calls=1 0 
0 6
0 4

fn=(6864)
0 24

fn=(7298)
0 11
cfn=(6894)
calls=1 0 
0 22
0 14
cob=(8)
cfi=(31)
cfn=(7304)
calls=1 207 
0 7250

fn=(7316)
0 15
cob=(1)
cfi=(1)
cfn=(7318)
calls=5 0 
0 399

fn=(7440)
0 8
cfn=(7442)
calls=1 0 
0 32
0 9
cfn=(7456)
calls=1 0 
0 21

fn=(7610)
0 7
cfn=(7612) 0x000000000003f6e0
calls=1 0 
0 2493

fn=(7612)
0 19

ob=(3)
fl=(3)
fn=(7758)
0 4

fn=(4140)
0 7

fn=(3858)
0 762560
cob=(2)
cfi=(2)
cfn=(3860)
calls=381280 0 
0 5341150

fn=(7742)
0 4

fn=(5376)
0 4575306
cob=(2)
cfi=(2)
cfn=(5378)
calls=2287653 0 
0 43465432

fn=(3756)
0 7

fn=(4290)
0 73730
cob=(2)
cfi=(2)
cfn=(4292)
calls=36865 0 
0 8713780

fn=(3866)
0 16
cob=(2)
cfi=(2)
cfn=(3868)
calls=8 0 
0 236

fn=(3832)
0 7

fn=(7212)
0 7

fn=(3802)
0 2
cob=(2)
cfi=(2)
cfn=(3804)
calls=1 0 
0 22

fn=(4420)
0 60368666
cob=(2)
cfi=(2)
cfn=(4422)
calls=30184333 0 
0 1012400899

fn=(7796)
0 4

fn=(4406)
0 60368666
cob=(2)
cfi=(2)
cfn=(4408)
calls=30184333 0 
0 1073290348

fn=(7716)
0 4

ob=(2)
fl=(2)
fn=(7612)
0 36
cfn=(7912)
calls=1 0 
0 4
0 13
cob=(1)
cfi=(1)
cfn=(7632)
calls=1 0 
0 1768
0 5
cfn=(7460)
calls=1 0 
0 13
0 2
cfn=(7828)
calls=1 0 
0 632
0 1

ob=(3)
fl=(3)
fn=(7774)
0 4

fn=(3842)
0 7

ob=(4)
fl=(4)
fn=(3768)
0 12

fn=(7728)
0 9
cob=(2)
cfi=(2)
cfn=(7692)
calls=1 0 
0 78
0 1
cfn=(7736) 0x0000000000001020
calls=1 0 
0 5
0 3

fn=(7736)
0 5

ob=(6)
fl=(20)
fn=(4584)
601 52070631
+1 104141262
+2 52070631
+1 52070631

fn=(4570)
158 86948139
+1 173896278
+2 260844417
+1 86948139

fn=(4612)
855 61109264
+1 122218528
+2 305546320

fn=(4592)
618 127762440
+1 51104976
+2 76657464
+5 25552488
-2 25552488
+2 25552488
+1 51104976
+1 23047918
+3 23047918
+1 46095836
cfi=(22) /usr/src/debug/glib2/build/../glib/glib/glist.c
cfn=(4594) g_list_free_1
calls=23047918 132 
* 2478787840
-1 2504570
+1 5009140
cfi=(22)
cfn=(4594)
calls=2504570 132 
* 287057493
+6 102209952
-8 5009140

fn=(4762)
60 20000
+1 40000
-1 100000
+3 40000
cfi=(22)
cfn=(4764) g_list_free
calls=20000 +48 
* 180000
+1 40000
+1 40000
-1 20000
cfi=(10)
cfn=(4596)
calls=20000 274 
* 2423696

fn=(4576)
415 29042713
+1 58085426
-1 145213565
+3 58085426
cfi=(22)
cfn=(4578) g_list_append
calls=29042713 199 
* 3298526023
* 29042713
+1 87128139
+4 26518143
-3 26518143
+4 79554429
-1 2524570
-1 2524570
+2 7573710

fn=(4618)
515 17451125
+1 10470675
+2 10470675
+5 3490225
-2 3490225
+2 3490225
+1 6980450
+1 3470225
+3 3470225
cfi=(22)
cfn=(4594)
calls=3470225 132 
* 368399934
* 20000
cfi=(22)
cfn=(4594)
calls=20000 132 
* 2325668
+1 3490225
+6 17451125
-8 40000

fn=(4558)
43 40000
+1 20000
-1 20000
+1 20000
cfi=(10)
cfn=(3890) g_slice_alloc
calls=20000 190 
* 1220148
fi=(21) /usr/include/bits/string_fortified.h
+15 60000
fe=(20)
-14 40000

fl=(7)
fn=(3852)
517 1
369 3
517 1
372 1
517 1
374 1
cfn=(3854) g_messages_prefixed_init
calls=1 -40 
* 857
+1 1
cfn=(3882) g_debug_init
calls=1 -26 
* 850
fi=(8) /usr/src/debug/glib2/build/../glib/glib/gquark.c
63 2
+1 3
cfi=(9)
cfn=(3886)
calls=1 978 
* 2418
+1 1
-1 1
+1 1
cfi=(11) /usr/src/debug/glib2/build/../glib/glib/gmem.c
cfn=(3892) g_malloc
calls=1 +30 
* 190
+1 1
fi=(42) /usr/src/debug/glib2/build/../glib/glib/gerror.c
-16 2
fi=(8)
+15 1
+1 1
+1 1
fi=(42)
-17 1
cfi=(9)
cfn=(3886)
calls=1 978 
* 783
fe=(7)
519 1
fi=(42)
50 1
fe=(7)
519 1

fn=(3882)
349 1
-26 1
+26 2
+1 11
-27 1
cob=(2)
cfi=(2)
cfn=(3856)
calls=1 0 
* 821
+3 2
+33 1
+2 2
+1 8

fn=(3854)
334 1
-11 1
+11 3
+10 1
-9 20
-12 1
cob=(2)
cfi=(2)
cfn=(3856)
calls=1 0 
* 821
+3 2
+18 1
+1 6

fl=(9)
fn=(5974) g_hash_table_resize.lto_priv.0
797 32728
+19 16364
-19 65456
+6 16364
-6 65456
+19 16364
-13 32728
-1 16364
+14 32728
-13 32728
+13 16364
303 204560
+12 43100
-28 10775
+28 10775
-28 10775
+1 21550
-1 21550
+1 10775
+6 32325
+1 21550
818 21550
295 5589
818 11178
+9 22356
cfi=(11)
cfn=(4086) g_malloc0_n
calls=5589 407 
* 4548725
* 5589
+3 11178
-66 6924360
-78 1961886
+78 2323280
357 1015356
+2 1015356
+1 507678
764 507678
357 1015356
+2 1015356
+1 507678
+1 507678
+17 2030712
686 3046068
+78 1015356
378 562608
686 843912
+78 1051650
-78 770346
+78 465441
-78 417318
+78 139106
-72 648330
+72 648330
-72 648330
+72 6483300
357 281304
+2 281304
+1 140652
764 140652
361 140652
-4 281304
+2 281304
+1 140652
+1 140652
+6 281304
-22 1015356
+1 507678
764 507678
345 1015356
764 507678
346 507678
764 1555762
+71 16364
cfi=(11)
cfn=(4778) g_free
calls=16364 207 
* 2035178
+2 32728
+3 32728
+1 130912
-77 456908
+56 32325
cfn=(5976) realloc_arrays
calls=10775 665 
* 47972119
+1 21550
fi=(21)
59 10775
fe=(9)
821 32325
fi=(21)
59 10775
cob=(2)
cfi=(2)
cfn=(5980)
calls=10775 -59 
* 1243362
fe=(9)
823 53875
cfi=(11)
cfn=(4086)
calls=10775 407 
* 3339928
* 10775
+7 21550
+8 16767
cfn=(5976)
calls=5589 665 
* 5511822
* 5589
287 5589
+1 5589
-1 5589
+1 5589
+6 5589

fn=(5962)
1600 54403063
-32 14837199
416 9891466
cob=(7)
cfi=(14)
cfn=(5954)
calls=4945733 132 
* 9891466
+7 4945733
-7 4945733
+1 14837199
-39 29674398
+45 4945733
+2 9891466
-13 4722913
+2 4722913
-1 9445826
+32 7255156
+6 3627578
+1 3627578
+1 3627578
+1 7255156
-29 7255156
+6 15978984
+2 4361914
-97 17447656
+99 17447656
+2 8723828
cob=(7)
cfi=(14)
cfn=(6002)
calls=4361914 136 
* 17447656
* 8723828
+1 8723828
+22 721998
1572 3248991
cfn=(5964) g_hash_table_insert_node
calls=360999 1244 
* 121035396
* 41262606
cfn=(5964)
calls=4584734 1244 
* 335057644
* 9891466
+30 39565864
460 445640

fn=(6078) g_hash_table_remove_node.lto_priv.0
479 250132
336 125066
479 625330
+4 250132
336 500264
484 125066
336 250132
487 375198
+3 125066
345 250132
+1 125066
491 125066
345 250132
+1 125066
493 375198
+1 250132
+2 625330
+3 375198
+3 500264

fn=(3888) g_hash_table_new_full
1013 110033
+3 10003
-3 20006
+3 10003
cfi=(10)
cfn=(3890)
calls=10003 190 
* 613588
* 10003
+1 20006
cfi=(12) /usr/src/debug/glib2/build/../glib/glib/grefcount.c
cfn=(4078) g_atomic_ref_count_init
calls=10003 191 
* 50015
+1 10003
+2 30009
+8 10003
-7 10003
+4 10003
+1 10003
-3 10003
+5 10003
cfn=(4080) g_hash_table_setup_storage.lto_priv.0
calls=10003 512 
* 3501360
+3 90027
-11 2

fn=(6760)
1455 10000
+1 20000
-1 50000
+3 10000
cfn=(6762) g_hash_table_remove_all
calls=10000 1853 
* 14839006
+1 10000
+1 20000
-1 10000
cfn=(6766) g_hash_table_unref
calls=10000 -31 
* 5000574

fn=(3886)
978 10003
+1 30009
cfn=(3888)
calls=10003 +34 
* 4535076

fn=(5976)
665 16364
+1 16364
-1 81820
+1 49092
cfi=(11)
cfn=(5978) g_realloc_n
calls=16364 436 
* 23175718
+1 16364
-1 16364
+1 32728
324 98184
cfi=(11)
cfn=(4082) g_realloc
calls=16364 166 
* 16825362
667 16364
+2 32728
+3 65456
324 98184
cfi=(11)
cfn=(4082)
calls=16364 166 
* 12861029
670 16364
+3 65456

fn=(6764) g_hash_table_remove_all_nodes.part.0
558 80118
+18 8902
+4 35608
+1 26706
+3 17804
+2 8902
fi=(21)
59 17804
fe=(9)
586 8902
fi=(21)
59 8902
cob=(2)
cfi=(2)
cfn=(5980)
calls=8902 -59 
* 144766
fe=(9)
589 8902
fi=(21)
59 8902
fe=(9)
589 26706
fi=(21)
59 8902
fe=(9)
589 26706
fi=(21)
59 8902
cob=(2)
cfi=(2)
cfn=(5980)
calls=8902 -59 
* 205065
fe=(9)
590 8902
fi=(21)
59 8902
fe=(9)
590 26706
fi=(21)
59 8902
fe=(9)
590 26706
+71 62314
fi=(21)
59 8902
cob=(2)
cfi=(2)
cfn=(5980)
calls=8902 -59 
* 205268
fe=(9)

fn=(5952)
1477 96024220
+4 28807266
416 19204844
cob=(7)
cfi=(14)
cfn=(5954)
calls=9602422 132 
* 19204844
* 9602422
+1 28807266
-39 48012110
+45 9602422
-45 9602422
+45 9602422
+2 19204844
-13 9437380
+2 9437380
-1 18874760
+32 13028314
+2 254516
+1 254516
+3 254516
+3 254516
-2 254516
+1 254516
+1 509032
-29 509032
+26 5659535
+3 5659535
-2 5659535
+1 5659535
+1 11319070
-29 11319070
+6 29904174
+2 9038036
-97 36152144
+99 27114108
+2 18076072
cob=(7)
cfi=(14)
cfn=(6002)
calls=9038036 136 
* 36152144
* 18076072
1485 9163102
+2 18326204
-1 9038036
336 27114108
1488 72304288
457 798688
1488 564386
-7 564386
+7 3950702
438 9038036
1485 18076072

fn=(4080)
512 20006
+12 10003
-12 20006
+12 10003
-12 40012
+12 130039
288 10003
532 10003
324 10003
-37 10003
+1 10003
531 20006
+1 30009
324 10003
cfi=(11)
cfn=(4082)
calls=10003 166 
* 850722
536 20006
-2 10003
+1 10003
+1 10003
cfi=(11)
cfn=(4086)
calls=10003 407 
* 2190500
* 10003
+1 60018

fn=(5964)
1244 34620131
+7 4945733
-7 14837199
+7 14837199
+21 9891466
+6 8723828
336 8723828
1282 17447656
-2 8723828
907 17806
1307 1751457
+2 1167638
+8 583819
+4 583819
336 8723828
1293 583819
900 583819
1249 583819
900 1167638
1247 583819
900 583819
+7 1167638
-2 1167638
+2 8723828
-2 8723828
+20 9873660
+12 9873660
1299 14810490
345 9891466
+1 4945733
1302 4945733
345 9891466
+1 4945733
1305 9891466
+18 21809570
+2 13085742
+4 14837199
+1 39565864
-43 4361914
336 17447656
909 17806
+1 44515
cfi=(23) /usr/src/debug/glib2/build/../glib/glib/gstrfuncs.c
cfn=(5966) g_memdup2
calls=8903 381 
* 908106
1299 17806
910 8903
1299 35612
858 1167638
1312 583819
856 583819
+2 1167638
1312 1167638
858 1167638
+1 1751457
-1 1167638
+2 21550
cfn=(5974)
calls=10775 -63 
* 96644430
* 10775

fn=(6030)
2201 2
+1 4
+2 2
+1 2

fn=(6070) g_hash_table_foreach_remove
2040 3
+1 2
+1 2
+2 1
+1 1
-1 1
cfn=(6072) g_hash_table_foreach_remove_or_steal
calls=1 -60 
* 75410753

fn=(6072)
1984 9
+7 1
-3 1
-4 2
+7 3
-6 2
336 524288
1995 524288
336 1572864
1997 1048576
+1 1757280
cob=(7)
cfi=(14)
cfn=(6074)
calls=439320 54 
* 56035729
-1 878640
+8 798444
-14 2097152
+2 524288
+1 1048576
-1 524288
+1 524288
336 1048576
2000 375198
+1 125066
-1 125066
cfn=(6078)
calls=125066 479 
* 5627970
+5 250132
+12 9
858 7
-3 1
+4 3
-1 2
2012 2
+1 2

fn=(6762)
1853 10000
+1 20000
-1 50000
+4 30000
858 20000
-2 10000
-1 10000
+3 40000
+1 13233
-1 8822
+2 5589
1863 11178
860 5589
cfn=(5974)
calls=5589 -63 
* 13528849
1858 8902
573 26706
cfn=(6764)
calls=8902 -15 
* 1009101
858 17804
1863 13233

fn=(6754)
1678 1448970
+4 434691
416 289794
cob=(7)
cfi=(14)
cfn=(5954)
calls=144897 132 
* 289794
* 144897
+1 434691
-39 724485
+45 144897
-45 144897
+45 144897
+2 289794
-13 130236
+2 130236
-1 260472
+32 402416
+6 201208
+1 201208
+1 201208
+1 402416
-29 402416
+6 599982
+2 98783
-97 395132
+99 395132
+2 197566
cob=(7)
cfi=(14)
cfn=(6002)
calls=98783 136 
* 395132
* 197566
+20 62906
-9 92228
1686 289794
+1 289794
-1 144897
+1 869382
-1 296349

fn=(6766)
1428 10000
+1 20000
-1 40000
+3 10000
-3 10000
+3 10000
cfi=(12)
cfn=(4774) g_atomic_ref_count_dec
calls=10000 243 
* 150000
* 20000
573 30000
1434 30000
+1 8902
cfi=(11)
cfn=(4778)
calls=8902 207 
* 1009068
+1 17804
cfi=(11)
cfn=(4778)
calls=8902 207 
* 1059746
* 1098
cfi=(11)
cfn=(4778)
calls=1098 207 
* 122066
+1 20000
cfi=(11)
cfn=(4778)
calls=10000 207 
* 1249886
+1 20000
+2 20000
-2 10000
cfi=(10)
cfn=(4596)
calls=10000 274 
* 1132004

fl=(23)
fn=(5966)
381 8903
+3 17806
-3 44515
+3 26709
+2 17806
cfi=(11)
cfn=(3892)
calls=8903 95 
* 525277
fi=(21)
29 26709
fe=(23)
386 8903
fi=(21)
29 8903
cob=(2)
cfi=(2)
cfn=(5970)
calls=8903 -29 
* 169157
fe=(23)
393 17806
fi=(21)
29 8903
fe=(23)
393 26709

fl=(24) /usr/src/debug/glib2/build/../glib/glib/gqsort.c
fn=(6454) msort_r
198 299955
+6 39994
-5 39994
+8 39994
+2 3516
-9 293
+9 879
+8 293
+1 293
+1 293
+1 293
+2 586
-13 19704
+8 19704
+1 19704
+1 19704
+1 19704
+2 39408
+45 39994
+1 39994
+11 79988
cfn=(6456) msort_with_tmp
calls=19997 79 
* 80858384075
+2 39994
cfi=(11)
cfn=(4778)
calls=19997 -74 
* 4533076
+1 219967
-69 19704
cfi=(11)
cfn=(3892)
calls=19704 95 
* 7243561
* 59112
-4 586
+61 39994
+2 39994
+1 39994
+1 39994

fn=(6456)
79 39994
-8 19995
+11 39990
-11 59985
+12 19995
-12 19995
+12 19995
-12 79980
+4 19995
+1 19995
+7 19995
+4 39990
-13 19995
+11 19995
-9 19995
+1 19995
+8 19995
+2 19995
-10 19995
+6 19995
+2 39990
+2 19995
cfn=(6457) msort_with_tmp'2
calls=19995 -8 
* 36932675368
+1 79980
cfn=(6457)
calls=19995 -9 
* 36938582587
+2 199950
+21 19995
-27 19995
+27 199950
+10 106776704
+1 106776704
-11 320330112
+14 106776704
-14 213553408
+2 854279920
cob=(7)
cfi=(14)
cfn=(6460)
calls=213569980 -48 
* 2295018155
* 427139960
+2 106793276
+1 106793276
-5 213586552
+14 213586552
-14 213606547
+81 59985
-2 59985
+2 19995
-2 39990
+1 17835
fi=(21)
29 29725
cob=(2)
cfi=(2)
cfn=(4348)
calls=5945 -29 
* 72569
* 37832
fe=(24)
192 19995
+1 19995
fi=(21)
29 19995
fe=(24)
193 19995
-1 19995
+1 99975
fi=(21)
29 19995
cob=(2)
cfi=(2)
cfn=(4348)
calls=19995 -29 
* 1700410670
fe=(24)

fn=(6457)
79 854410688
-8 213582677
+11 427165354
-11 640748031
+12 213582677
-12 213582677
+12 213582677
-12 854330708
+4 213582677
+1 213582677
+7 213582677
+4 427165354
-13 213582677
+11 213582677
-9 213582677
+1 213582677
+8 213582677
+2 213582677
-10 213582677
+6 213582677
+2 427165354
+2 213582677
cfn=(6457)
calls=213582677 -8 
* 231281993612
+1 854330708
cfn=(6457)
calls=213582677 -9 
* 240754449913
+2 2135826770
+21 213582677
-27 213582677
+27 2135826770
+10 763607815
+1 763607815
-11 2290823445
+14 763607815
-14 1527215630
+2 8315713324
cob=(7)
cfi=(14)
cfn=(6460)
calls=2078928331 -48 
* 17439621174
* 4157856662
+2 1315320516
+1 1315320516
-5 2630641032
+14 2630641032
-14 2844223709
+81 640748031
-2 640748031
+2 213582677
-2 427165354
+1 30746964
fi=(21)
29 51244940
cob=(2)
cfi=(2)
cfn=(4348)
calls=10248988 -29 
* 152013695
* 457952308
fe=(24)
192 213582677
+1 213582677
fi=(21)
29 213582677
fe=(24)
193 213582677
-1 213582677
+1 1067913385
fi=(21)
29 213582677
cob=(2)
cfi=(2)
cfn=(4348)
calls=213582677 -29 
* 9547988100
fe=(24)

fn=(6452) g_qsort_with_data
303 19997
+1 39994
cfn=(6454)
calls=19997 198 
* 80871384338

fl=(10)
fn=(4596)
274 1360357768
+1 777347296
+2 194336824
+2 388673648
-2 194336824
cfi=(11)
cfn=(4598) g_free_sized
calls=194336824 -43 
* 20914205247

fn=(4766) g_slice_free_chain_with_offset
307 20000
+2 40000
+8 20000

fn=(3890)
190 194651084
+3 194651084
cfi=(11)
cfn=(3892)
calls=194651084 -98 
* 18879892501

fl=(26)
fn=(6478)
185 184403863
+3 158060454
+2 52686818
cfi=(10)
cfn=(3890)
calls=26343409 * 
* 1606948120
+2 26343409
+4 26343409
-5 26343409
+2 26343409
+1 26343409
+1 26343409
+1 26343409
+4 158060454

fn=(6494)
1016 339170236
+1 678340472
+2 339170236
+1 339170236

fn=(6564) g_tree_node_rotate_right
1678 18623386
+2 37246772
+1 1224474
+6 612237
+3 612237
-1 1224474
+3 1224474
-5 18011149
+3 18011149
-1 36022298
+3 36022298
+11 1358124
+3 679062
-8 339531
+12 339531
-26 18011149
+1 36022298
+10 73135420
+3 73135420
+12 18283855

fn=(6714)
273 1396892
+3 2793784
+4 1396892
-2 1396892
+2 1396892
+1 2793784
+4 1396892

fn=(6508)
244 26343409
+3 52686818
+2 79030227
+5 79030227
+1 26343409
-1 52686818
+1 14414372
-1 55172153

fn=(6530)
300 128451925
+3 256903850
+4 128451925
-2 128451925
+2 128451925
+1 126437660
+1 12473846
-1 24947692
+1 2215787
-1 16905420
+4 115978079

fn=(6484)
496 142283167
-59 284566334
+2 426849501
cfn=(6486) g_tree_insert_internal
calls=142283167 572 
* 32653468669

fn=(6500) g_tree_node_balance
1479 46998445
+1 46998445
-1 93996890
+1 93996890
+6 90633672
+2 135950508
+2 45316836
+4 45316836
-4 45316836
cfn=(6502) g_tree_node_rotate_left
calls=45316836 1637 
* 990351078
-8 5044827
+1 668200
cfn=(6502)
calls=668200 1637 
* 14129378
* 668200
+1 668200
+10 668200
-10 668200
cfn=(6564)
calls=668200 1678 
* 13903837
* 1013409
+10 1013409
-10 1013409
cfn=(6564)
calls=1013409 1678 
* 21152205
+5 16941777
cfn=(6564)
calls=16941777 1678 
* 355083296
* 33883554

fn=(6524)
421 26343409
+1 52686818
-1 131717045
+3 26343409
cfn=(6526) g_tree_remove_all
calls=26343409 -99 
* 20536788832
+1 26343409
+1 52686818
-1 26343409
cfn=(6532) g_tree_unref
calls=26343409 -27 
* 4111850872

fn=(6528) g_tree_node_first
215 52686818
+3 105373636
+2 158060454
+5 78622639
+1 25935821
-1 51871642
+1 4501155
-1 35345719
-7 26343409
+11 26343409

fn=(6532)
398 26343409
+1 52686818
-1 131717045
+3 52686818
+2 26343409
cfn=(6526)
calls=26343409 -78 
* 790302270
+1 52686818
+2 52686818
-2 26343409
cfi=(10)
cfn=(4596)
calls=26343409 274 
* 2900054058

fn=(6526)
325 52686818
+4 105373636
-4 368807726
+6 52686818
cfn=(6528)
calls=52686818 215 
* 565084702
* 52686818
+2 131717045
+2 79030227
cfn=(6530)
calls=26343409 -35 
* 199275363
* 303860031
cfn=(6530)
calls=101286677 -35 
* 862998120
* 127630086
+2 382890258
+2 382890258
+2 382890258
cfi=(10)
cfn=(4596)
calls=127630086 -67 
* 16599828222
-8 255260172
+22 52686818
+2 52686818
+2 316120908

fn=(6486)
572 1991964338
+5 284566334
+2 711415835
+13 115939758
+1 115939758
-1 231879516
+59 404376474
+2 115882409
+1 347647227
-57 463529636
cob=(7)
cfi=(25)
cfn=(6488)
calls=115882409 435 
* 347647227
+57 35540430
-57 71080860
cob=(7)
cfi=(25)
cfn=(6488)
calls=17770215 435 
* 53310645
* 463759032
cob=(7)
cfi=(25)
cfn=(6488)
calls=115939758 435 
* 347819274
+2 499184764
+23 246044851
+2 87713228
+2 17770215
+1 35540430
-26 10642593
+3 3547531
+2 3547531
-2 3547531
+4 3547531
-2 7095062
+14 3547531
+91 1707398004
550 258917484
+10 86305828
109 86305828
560 86305828
109 86305828
cfi=(10)
cfn=(3890)
calls=86305828 +81 
* 10364016901
+3 172611656
-3 86305828
667 86305828
111 86305828
+3 172611656
+3 86305828
-1 86305828
+1 86305828
667 172611656
+3 86305828
-2 86305828
+1 86305828
+1 86305828
+14 86305828
-41 86305828
+41 172611656
+1 172611656
-1 26086399
-41 26086399
+41 52172798
+1 639222434
+1 193416548
+2 386833096
+11 162228670
+6 156313834
-21 78156917
+1 390784585
-1 14664640
+1 73323200
+3 274334028
+2 58539228
cfn=(6500)
calls=29269614 1479 
* 1376248450
+2 29269614
+7 29269614
-83 7095062
+72 68243336
+11 29851884
+4 43993920
-13 31187878
cfn=(6500)
calls=15593939 1479 
* 609205190
+6 15593939
+3 46781817
-9 4269784
cfn=(6500)
calls=2134892 1479 
* 115942897
+4 2134892
+5 6404676
550 78259197
+10 26086399
109 26086399
560 26086399
109 26086399
cfi=(10)
cfn=(3890)
calls=26086399 +81 
* 2911853909
+3 26086399
+2 26086399
639 26086399
111 26086399
-2 26086399
+5 26086399
+2 26086399
-4 26086399
+5 52172798
639 78259197
+4 26086399
-2 26086399
+1 26086399
+1 26086399
+3 26086399
109 52686818
cfi=(10)
cfn=(3890)
calls=26343409 +81 
* 2113723616
+3 26343409
+2 26343409
586 26343409
109 26343409
+2 26343409
+3 26343409
+2 26343409
-4 26343409
+5 26343409
581 26343409
117 26343409
588 26343409
+97 60956246

fn=(6502)
1637 45985036
+2 91970072
+1 13298778
+6 6649389
+3 6649389
-1 13298778
+3 13298778
-5 39335647
+3 39335647
-1 78671294
+3 78671294
+11 181776356
+3 136332267
-8 45444089
+12 90888178
-26 39335647
+1 78671294
+10 2163788
+3 1622841
+12 1081894

fl=(22)
fn=(4764)
111 40000
+1 60000
cfi=(10)
cfn=(4766)
calls=20000 307 
* 80000

fn=(4578)
199 203298991
+4 29042713
-4 58085426
+4 29042713
cfi=(10)
cfn=(3890)
calls=29042713 -13 
* 2201204196
+1 29042713
-1 29042713
+2 58085426
+2 58085426
+2 53036286
cfn=(4586) g_list_last
calls=26518143 922 
* 238663287
+5 26518143
-3 26518143
+3 26518143
-2 26518143
+9 185627001
-9 2524570
+9 17671990

fn=(4586)
922 26518143
+1 79554429
+2 132590715

fn=(4594)
132 58085426
+1 58085426
cfi=(10)
cfn=(4596)
calls=29042713 274 
* 3020400083

fl=(15)
fn=(4776) array_free
531 1480528
+3 370132
+16 370132
+8 555198
cfi=(10)
cfn=(4596)
calls=185066 274 
* 23253420
+4 1295462
-26 555198
+8 185066
+1 185066
-1 185066
cfi=(11)
cfn=(4778)
calls=185066 207 
* 3354451347
+1 185066

fn=(4262) g_array_sized_new
336 4493907
+3 2995938
+5 998646
cfi=(10)
cfn=(3890)
calls=499323 190 
* 69614191
+6 499323
-6 499323
+2 499323
+1 499323
+3 499323
+4 499323
-5 998646
+2 499323
-2 499323
+3 499323
-3 2496615
+5 499323
cfi=(12)
cfn=(4078)
calls=499323 191 
* 2496615
+2 1997292
+8 4493907

fn=(4772)
513 925330
+4 370132
+2 740264
+3 370132
cfi=(12)
cfn=(4774)
calls=185066 243 
* 2775990
+3 185066
+1 185066
-4 185066
+1 740264
+2 185066
+1 370132
-1 185066
cfn=(4776)
calls=185066 +6 
* 3383071681

fn=(4260)
138 499323
+1 998646
+5 998646
cfn=(4262)
calls=499323 336 
* 95578987

fn=(6450)
921 20000
+3 40000
+3 60000
+6 3
-5 119982
cfi=(24)
cfn=(6452)
calls=19997 303 
* 80871444329

fn=(4538)
592 2019582432
+3 757343412
+2 504895608
+13 2019582432
-10 504895608
cfn=(4540) g_array_maybe_expand
calls=252447804 1061 
* 12069603703
+3 252447804
-1 504895608
fi=(21)
29 252447804
fe=(15)
602 757343412
fi=(21)
29 252447804
cob=(2)
cfi=(2)
cfn=(4348)
calls=252447804 -29 
* 3340186878
fe=(15)
605 504895608
+2 504895608

fn=(4540)
1061 252447804
-8 252447804
+8 252447804
-8 1767134628
+8 504895608
+3 252447804
-3 1262239020
+3 1009791216
+3 504895608
+1 504895608
+14 1504223136
-12 3487896
fi=(19) /usr/src/debug/glib2/build/../glib/glib/gutilsprivate.h
42 1743948
+2 3487896
+2 5231844
+1 5231844
+1 5231844
+1 5231844
+1 5231844
+2 5231844
+3 1743948
fe=(15)
1071 3487896
+1 1743948
+2 1743948
-2 3487896
+2 3487896
cfi=(11)
cfn=(4082)
calls=1743948 166 
* 3912796315
+2 1743948
-2 1743948
+2 5231844
+4 13951584
+2 10463688

fl=(6)
fn=(7744)
0 9
cob=(2)
cfi=(2)
cfn=(7692)
calls=1 0 
0 78
0 1
cfn=(7752) 0x000000000001e1c0
calls=1 0 
0 5
0 3

fn=(3846)
0 12

fn=(7752)
0 5

fl=(12)
fn=(4078)
191 509326
+1 1018652
+11 509326
+1 509326

fn=(4774)
243 585198
+3 390132
+1 390132
+3 585198
-2 390132
+3 585198

fl=(11)
fn=(4778)
207 250329
+1 250329
cob=(2)
cfi=(2)
cfn=(4600)
calls=250329 0 
* 3363959709

fn=(3892)
95 194679692
+1 389359384
-1 973398460
+5 194679692
cob=(2)
cfi=(2)
cfn=(3894)
calls=194679692 0 
* 16162145841
+2 389359384
+10 584039076

fn=(4598)
234 194336824
+4 194336824
cob=(2)
cfi=(2)
cfn=(4600)
calls=194336824 0 
* 20525531599

fn=(4082)
166 9015215
+3 5409129
+2 1803043
cob=(2)
cfi=(2)
cfn=(4084)
calls=1803043 0 
* 3941119268
+2 3606086
+12 5409129

fn=(4088) g_malloc0
128 26367
+1 52734
-1 26367
+5 26367
-5 79101
+5 26367
-5 26367
+5 26367
cob=(2)
cfi=(2)
cfn=(4090)
calls=26367 0 
* 9446345
+2 52734
+10 79101

fn=(4086)
407 26367
+1 131835
+6 52734
cfn=(4088)
calls=26367 128 
* 9868217

fn=(5978)
436 32728
+1 81820
+6 32728
cfn=(4082)
calls=16364 166 
* 23028442

totals: 450854364713
